          time          mass          xmom          ymom          zmom     ang_mom_x     ang_mom_y     ang_mom_z         rho_K         rho_e         rho_E         enstr
             0    0.00941223       330.868       326.783       326.783   7.10543e-15   7.10543e-15   7.10543e-14   1.92875e+07     2.026e+07   3.95475e+07   1.12734e+08
   4.39335e-09    0.00941223       330.868       326.783       326.783   0.000121689    0.00142838    0.00082146   1.93165e+07    2.0231e+07   3.95475e+07   1.13465e+08
   9.22602e-09    0.00941223       330.868       326.783       326.783   0.000282952    0.00298307    0.00170357   1.93476e+07   2.01999e+07   3.95475e+07   1.14253e+08
    1.4542e-08    0.00941223       330.868       326.783       326.783   0.000489639    0.00469314    0.00260192   1.93807e+07   2.01668e+07   3.95475e+07   1.15101e+08
   2.03895e-08    0.00941223       330.868       326.783       326.783   0.000629421    0.00669386    0.00345637   1.94158e+07   2.01317e+07   3.95474e+07    1.1601e+08
   2.68218e-08    0.00941223       330.868       326.783       326.783   0.000763244     0.0088326    0.00435604   1.94528e+07   2.00946e+07   3.95474e+07   1.16981e+08
   3.38973e-08    0.00941223       330.868       326.783       326.783   0.000898908     0.0111852    0.00522472   1.94917e+07   2.00557e+07   3.95474e+07   1.18016e+08
   4.16804e-08    0.00941223       330.868       326.783       326.783   0.000920331     0.0139907    0.00604014   1.95321e+07   2.00152e+07   3.95473e+07   1.19108e+08
   5.02418e-08    0.00941223       330.868       326.783       326.783   0.000830766     0.0170857    0.00671882    1.9574e+07   1.99733e+07   3.95473e+07   1.20254e+08
   5.96593e-08    0.00941223       330.868       326.783       326.782   0.000510749     0.0207063    0.00736789    1.9617e+07   1.99302e+07   3.95472e+07   1.21451e+08
   7.00186e-08    0.00941223       330.867       326.784       326.782  -1.23134e-05     0.0246811    0.00800044   1.96607e+07   1.98865e+07   3.95472e+07   1.22692e+08
   8.14138e-08    0.00941223       330.867       326.784       326.782  -0.000721291     0.0290063    0.00858962   1.97048e+07   1.98423e+07   3.95471e+07   1.23968e+08
   9.39485e-08    0.00941223       330.867       326.784       326.781   -0.00183071     0.0340724     0.0091094   1.97488e+07   1.97982e+07    3.9547e+07   1.25269e+08
   1.07737e-07    0.00941223       330.867       326.784       326.781   -0.00362876     0.0400157    0.00969891   1.97922e+07   1.97547e+07   3.95469e+07   1.26582e+08
   1.22261e-07    0.00941223       330.866       326.784        326.78    -0.0056984     0.0459344     0.0102707    1.9833e+07   1.97139e+07   3.95468e+07   1.27843e+08
   1.36772e-07    0.00941223       330.866       326.784        326.78   -0.00802266      0.051526     0.0109301    1.9869e+07   1.96777e+07   3.95467e+07   1.28984e+08
   1.51266e-07    0.00941223       330.865       326.784       326.779    -0.0105484     0.0569547     0.0115738    1.9901e+07   1.96456e+07   3.95466e+07   1.30016e+08
   1.65744e-07    0.00941223       330.865       326.784       326.778    -0.0132663     0.0621732     0.0122888   1.99293e+07   1.96172e+07   3.95465e+07   1.30951e+08
   1.80207e-07    0.00941223       330.865       326.784       326.778    -0.0162347     0.0671325     0.0131293   1.99544e+07    1.9592e+07   3.95464e+07   1.31797e+08
   1.94653e-07    0.00941223       330.864       326.784       326.777    -0.0193123     0.0720534     0.0137625   1.99766e+07   1.95697e+07   3.95463e+07   1.32559e+08
   2.09084e-07    0.00941223       330.864       326.784       326.776    -0.0227052     0.0768237     0.0145507   1.99962e+07     1.955e+07   3.95462e+07   1.33244e+08
   2.23499e-07    0.00941223       330.864       326.784       326.776    -0.0262567     0.0813747      0.015372   2.00136e+07   1.95325e+07   3.95461e+07   1.33861e+08
     2.379e-07    0.00941223       330.863       326.784       326.775    -0.0299861     0.0857198     0.0162582    2.0029e+07    1.9517e+07    3.9546e+07   1.34418e+08
   2.52285e-07    0.00941223       330.863       326.785       326.774    -0.0336724     0.0899867     0.0171183   2.00427e+07   1.95032e+07   3.95458e+07   1.34919e+08
   2.66655e-07    0.00941223       330.862       326.785       326.774    -0.0374907     0.0940247     0.0179881   2.00548e+07    1.9491e+07   3.95457e+07    1.3537e+08
   2.81011e-07    0.00941223       330.862       326.785       326.773    -0.0413134     0.0978286     0.0190542   2.00655e+07   1.94802e+07   3.95456e+07   1.35776e+08
   2.95353e-07    0.00941223       330.862       326.785       326.772    -0.0452085      0.101427     0.0201582   2.00749e+07   1.94706e+07   3.95455e+07    1.3614e+08
    3.0968e-07    0.00941223       330.861       326.785       326.771    -0.0496983      0.105271      0.021563   2.00833e+07   1.94621e+07   3.95454e+07   1.36464e+08
   3.23994e-07    0.00941223       330.861       326.785       326.771    -0.0542636      0.108906     0.0229875   2.00907e+07   1.94546e+07   3.95453e+07   1.36756e+08
   3.38293e-07    0.00941223        330.86       326.786        326.77    -0.0588631      0.112404     0.0242574   2.00972e+07    1.9448e+07   3.95452e+07   1.37019e+08
    3.5258e-07    0.00941223        330.86       326.786       326.769    -0.0634911       0.11575     0.0255062    2.0103e+07    1.9442e+07   3.95451e+07   1.37255e+08
   3.66853e-07    0.00941223        330.86       326.786       326.768    -0.0680858      0.118915     0.0266736   2.01082e+07   1.94368e+07    3.9545e+07   1.37467e+08
   3.81113e-07    0.00941223       330.859       326.786       326.768    -0.0727066      0.121853     0.0278443   2.01128e+07   1.94321e+07   3.95449e+07   1.37655e+08
    3.9536e-07    0.00941223       330.859       326.786       326.767    -0.0773337      0.124625     0.0290391   2.01168e+07    1.9428e+07   3.95448e+07   1.37824e+08
   4.09595e-07    0.00941223       330.858       326.787       326.766    -0.0819578      0.127319     0.0302183   2.01204e+07   1.94243e+07   3.95447e+07   1.37975e+08
   4.23817e-07    0.00941223       330.858       326.787       326.765    -0.0865464      0.129942      0.031339   2.01236e+07    1.9421e+07   3.95446e+07    1.3811e+08
   4.38028e-07    0.00941223       330.857       326.787       326.765    -0.0911429      0.132443     0.0324981   2.01264e+07   1.94181e+07   3.95445e+07   1.38231e+08
   4.52226e-07    0.00941223       330.857       326.787       326.764    -0.0957586      0.134824     0.0338034   2.01288e+07   1.94155e+07   3.95443e+07   1.38341e+08
   4.66413e-07    0.00941223       330.857       326.788       326.763     -0.100456       0.13709     0.0351607   2.01309e+07   1.94133e+07   3.95442e+07   1.38438e+08
   4.80588e-07    0.00941223       330.856       326.788       326.762     -0.104882      0.138966      0.036462   2.01328e+07   1.94113e+07   3.95441e+07   1.38525e+08
   4.94752e-07    0.00941223       330.856       326.788       326.762     -0.109311      0.140722     0.0378226   2.01345e+07   1.94096e+07    3.9544e+07   1.38601e+08
   5.08904e-07    0.00941223       330.855       326.788       326.761       -0.1138      0.142432     0.0392387   2.01359e+07    1.9408e+07   3.95439e+07   1.38671e+08
   5.23046e-07    0.00941223       330.855       326.789        326.76     -0.118224      0.144018     0.0406374   2.01372e+07   1.94066e+07   3.95438e+07   1.38733e+08
   5.37177e-07    0.00941223       330.854       326.789       326.759     -0.122666      0.145512     0.0420746   2.01384e+07   1.94054e+07   3.95437e+07   1.38789e+08
   5.51297e-07    0.00941223       330.854       326.789       326.759     -0.127142      0.146988     0.0434971   2.01394e+07   1.94043e+07   3.95436e+07   1.38841e+08
   5.65406e-07    0.00941223       330.853        326.79       326.758     -0.131594      0.148386     0.0450645   2.01402e+07   1.94033e+07   3.95435e+07   1.38885e+08
   5.79505e-07    0.00941223       330.853        326.79       326.757     -0.136061      0.149702     0.0466621    2.0141e+07   1.94025e+07   3.95434e+07   1.38925e+08
   5.93588e-07    0.00941223       330.852        326.79       326.756     -0.140243      0.150756     0.0482386   2.01416e+07   1.94017e+07   3.95433e+07   1.38959e+08
   6.07655e-07    0.00941223       330.852        326.79       326.755     -0.144382      0.151724     0.0498216   2.01421e+07   1.94011e+07   3.95432e+07    1.3899e+08
   6.21705e-07    0.00941223       330.851       326.791       326.755     -0.148415      0.152557      0.051426   2.01426e+07   1.94005e+07   3.95431e+07   1.39018e+08
    6.3574e-07    0.00941223       330.851       326.791       326.754     -0.152306      0.153362     0.0529799   2.01431e+07   1.93999e+07    3.9543e+07   1.39044e+08
   6.49759e-07    0.00941223        330.85       326.791       326.753     -0.156215      0.154161     0.0545696   2.01434e+07   1.93995e+07   3.95429e+07   1.39065e+08
   6.63763e-07    0.00941223        330.85       326.792       326.752     -0.160124       0.15507     0.0559319   2.01437e+07   1.93991e+07   3.95428e+07   1.39084e+08
   6.77751e-07    0.00941223       330.849       326.792       326.751     -0.163919       0.15594     0.0574166   2.01439e+07   1.93988e+07   3.95427e+07     1.391e+08
   6.91724e-07    0.00941223       330.849       326.792       326.751     -0.167732      0.156655     0.0589331   2.01441e+07   1.93985e+07   3.95426e+07   1.39115e+08
   7.05682e-07    0.00941223       330.848       326.792        326.75      -0.17148       0.15705     0.0604735   2.01443e+07   1.93982e+07   3.95425e+07   1.39128e+08
   7.19626e-07    0.00941223       330.848       326.793       326.749      -0.17529      0.157296     0.0620242   2.01444e+07    1.9398e+07   3.95424e+07   1.39139e+08
   7.33554e-07    0.00941223       330.847       326.793       326.748     -0.179106      0.157399       0.06358   2.01445e+07   1.93978e+07   3.95423e+07   1.39149e+08
   7.47469e-07    0.00941223       330.847       326.793       326.747     -0.182934      0.157435     0.0651096   2.01445e+07   1.93977e+07   3.95422e+07   1.39157e+08
   7.61368e-07    0.00941223       330.846       326.794       326.746       -0.1867      0.157416      0.066618   2.01446e+07   1.93975e+07   3.95421e+07   1.39166e+08
   7.75254e-07    0.00941223       330.846       326.794       326.745     -0.190508      0.157386     0.0681088   2.01446e+07   1.93974e+07    3.9542e+07   1.39173e+08
   7.89125e-07    0.00941223       330.845       326.794       326.744     -0.194497      0.157307     0.0694852   2.01446e+07   1.93973e+07   3.95419e+07    1.3918e+08
   8.02982e-07    0.00941223       330.845       326.795       326.744     -0.198469      0.157216     0.0707682   2.01446e+07   1.93972e+07   3.95418e+07   1.39187e+08
   8.16826e-07    0.00941223       330.844       326.795       326.743      -0.20227      0.156829     0.0721744   2.01445e+07   1.93972e+07   3.95417e+07   1.39192e+08
   8.30656e-07    0.00941223       330.844       326.795       326.742     -0.206087      0.156354       0.07362   2.01445e+07   1.93971e+07   3.95416e+07   1.39197e+08
   8.44472e-07    0.00941223       330.843       326.796       326.741     -0.209881      0.155803      0.075054   2.01444e+07   1.93971e+07   3.95415e+07   1.39202e+08
   8.58274e-07    0.00941223       330.843       326.796        326.74      -0.21371      0.155243     0.0764891   2.01444e+07    1.9397e+07   3.95414e+07   1.39206e+08
   8.72064e-07    0.00941223       330.842       326.796       326.739     -0.217484       0.15454     0.0779609   2.01443e+07    1.9397e+07   3.95413e+07   1.39211e+08
    8.8584e-07    0.00941223       330.841       326.797       326.738     -0.221302      0.153901     0.0794075   2.01442e+07    1.9397e+07   3.95412e+07   1.39214e+08
   8.99603e-07    0.00941223       330.841       326.797       326.737     -0.225115      0.153227     0.0808527   2.01441e+07    1.9397e+07   3.95411e+07   1.39215e+08
   9.13354e-07    0.00941223        330.84       326.797       326.736     -0.228907      0.152463     0.0823305    2.0144e+07    1.9397e+07    3.9541e+07   1.39217e+08
   9.27093e-07    0.00941223        330.84       326.798       326.735     -0.232664       0.15163     0.0837934    2.0144e+07   1.93969e+07   3.95409e+07    1.3922e+08
   9.40819e-07    0.00941223       330.839       326.798       326.734     -0.236317      0.150508     0.0851902   2.01439e+07   1.93969e+07   3.95408e+07   1.39221e+08
   9.54533e-07    0.00941223       330.839       326.798       326.733     -0.240018       0.14948     0.0865273   2.01438e+07   1.93969e+07   3.95407e+07   1.39223e+08
   9.68235e-07    0.00941223       330.838       326.799       326.732     -0.243672      0.148383       0.08794   2.01437e+07   1.93969e+07   3.95406e+07   1.39225e+08
   9.81927e-07    0.00941223       330.838       326.799       326.731     -0.247316      0.147262     0.0893903   2.01436e+07   1.93969e+07   3.95405e+07   1.39227e+08
   9.95606e-07    0.00941223       330.837       326.799        326.73      -0.25095       0.14619       0.09077   2.01435e+07   1.93968e+07   3.95404e+07   1.39229e+08
   1.00928e-06    0.00941223       330.836         326.8       326.729      -0.25428      0.144633     0.0923127   2.01434e+07   1.93969e+07   3.95403e+07   1.39229e+08
   1.02293e-06    0.00941223       330.836         326.8       326.728     -0.257814      0.143153      0.093854   2.01432e+07   1.93969e+07   3.95402e+07    1.3923e+08
   1.03658e-06    0.00941223       330.835         326.8       326.727      -0.26151      0.141865     0.0953425   2.01431e+07   1.93969e+07     3.954e+07    1.3923e+08
   1.05022e-06    0.00941223       330.835       326.801       326.726     -0.265177      0.140504     0.0969261    2.0143e+07    1.9397e+07   3.95399e+07   1.39231e+08
   1.06385e-06    0.00941223       330.834       326.801       326.725     -0.268734      0.139182     0.0984877   2.01428e+07    1.9397e+07   3.95398e+07   1.39232e+08
   1.07744e-06    0.00941223       330.833       326.801       326.724     -0.272371      0.137712      0.100386   2.01427e+07    1.9397e+07   3.95397e+07   1.39232e+08
   1.09101e-06    0.00941223       330.833       326.801       326.723      -0.27598      0.136198      0.102342   2.01426e+07   1.93971e+07   3.95396e+07   1.39232e+08
   1.10456e-06    0.00941223       330.832       326.802       326.722     -0.279783      0.134605      0.104587   2.01424e+07   1.93971e+07   3.95395e+07   1.39232e+08
   1.11807e-06    0.00941223       330.831       326.802       326.721      -0.28354      0.132913       0.10691   2.01422e+07   1.93972e+07   3.95394e+07   1.39232e+08
   1.13156e-06    0.00941223       330.831       326.802        326.72     -0.287302      0.131168      0.109253    2.0142e+07   1.93973e+07   3.95393e+07   1.39232e+08
   1.14503e-06    0.00941223        330.83       326.803       326.719      -0.29096       0.12942      0.111573   2.01419e+07   1.93973e+07   3.95392e+07   1.39233e+08
   1.15847e-06    0.00941223        330.83       326.803       326.718     -0.294706      0.127556      0.113986   2.01417e+07   1.93974e+07   3.95391e+07   1.39233e+08
   1.17188e-06    0.00941223       330.829       326.803       326.717     -0.298408      0.125658      0.116395   2.01415e+07   1.93974e+07    3.9539e+07   1.39234e+08
   1.18527e-06    0.00941223       330.828       326.804       326.716      -0.30209      0.123659       0.11886   2.01414e+07   1.93975e+07   3.95389e+07   1.39234e+08
   1.19863e-06    0.00941223       330.828       326.804       326.715     -0.305649       0.12171      0.121255   2.01413e+07   1.93975e+07   3.95388e+07   1.39235e+08
   1.21197e-06    0.00941223       330.827       326.804       326.714     -0.309281      0.119652      0.123743   2.01411e+07   1.93976e+07   3.95387e+07   1.39235e+08
   1.22529e-06    0.00941223       330.826       326.805       326.713     -0.312916      0.117559      0.126333    2.0141e+07   1.93976e+07   3.95386e+07   1.39236e+08
   1.23859e-06    0.00941223       330.826       326.805       326.711     -0.316516       0.11542      0.128936   2.01408e+07   1.93977e+07   3.95385e+07   1.39236e+08
   1.25186e-06    0.00941223       330.825       326.805        326.71     -0.319977      0.113313      0.131455   2.01407e+07   1.93977e+07   3.95384e+07   1.39237e+08
   1.26511e-06    0.00941223       330.824       326.806       326.709     -0.323498      0.111085      0.134073   2.01406e+07   1.93977e+07   3.95382e+07   1.39239e+08
   1.27834e-06    0.00941223       330.824       326.806       326.708     -0.327012      0.108883      0.136558   2.01404e+07   1.93977e+07   3.95381e+07   1.39239e+08
   1.29154e-06    0.00941223       330.823       326.806       326.707     -0.330375      0.106641      0.139119   2.01403e+07   1.93977e+07    3.9538e+07   1.39242e+08
   1.30473e-06    0.00941223       330.822       326.807       326.706     -0.333836      0.104378      0.141621   2.01402e+07   1.93978e+07   3.95379e+07   1.39243e+08
   1.31789e-06    0.00941223       330.822       326.807       326.705     -0.337282      0.102097       0.14414     2.014e+07   1.93978e+07   3.95378e+07   1.39244e+08
   1.33103e-06    0.00941223       330.821       326.807       326.704     -0.340581     0.0998294      0.146601   2.01399e+07   1.93978e+07   3.95377e+07   1.39246e+08
   1.34415e-06    0.00941223       330.821       326.808       326.703     -0.343971     0.0974686      0.149157   2.01398e+07   1.93979e+07   3.95376e+07   1.39247e+08
   1.35726e-06    0.00941223        330.82       326.808       326.702     -0.347309     0.0950741       0.15173   2.01396e+07   1.93979e+07   3.95375e+07   1.39248e+08
   1.37034e-06    0.00941223       330.819       326.808       326.701     -0.350585     0.0927707      0.154334   2.01395e+07   1.93979e+07   3.95374e+07   1.39249e+08
    1.3834e-06    0.00941223       330.819       326.809         326.7      -0.35395     0.0904342         0.157   2.01393e+07    1.9398e+07   3.95373e+07   1.39249e+08
   1.39645e-06    0.00941223       330.818       326.809       326.698     -0.357312     0.0880668      0.159694   2.01392e+07    1.9398e+07   3.95372e+07    1.3925e+08
   1.40947e-06    0.00941223       330.817       326.809       326.697     -0.360516     0.0857241      0.162304   2.01391e+07    1.9398e+07   3.95371e+07   1.39251e+08
   1.42248e-06    0.00941223       330.817        326.81       326.696     -0.363831     0.0833522      0.164996    2.0139e+07    1.9398e+07    3.9537e+07   1.39253e+08
   1.43547e-06    0.00941223       330.816        326.81       326.695      -0.36697     0.0809102      0.167616   2.01388e+07    1.9398e+07   3.95369e+07   1.39255e+08
   1.44844e-06    0.00941223       330.815        326.81       326.694     -0.370205     0.0784378      0.170321   2.01387e+07   1.93981e+07   3.95368e+07   1.39256e+08
   1.46139e-06    0.00941223       330.815       326.811       326.693     -0.373296     0.0759869      0.172931   2.01386e+07   1.93981e+07   3.95367e+07   1.39259e+08
   1.47433e-06    0.00941223       330.814       326.811       326.692     -0.376492     0.0734807      0.175635   2.01385e+07   1.93981e+07   3.95366e+07   1.39261e+08
   1.48725e-06    0.00941223       330.813       326.811       326.691     -0.379524     0.0709799      0.178259   2.01384e+07   1.93981e+07   3.95365e+07   1.39263e+08
   1.50015e-06    0.00941223       330.813       326.812       326.689     -0.382701     0.0687483      0.180833   2.01382e+07   1.93981e+07   3.95364e+07   1.39264e+08
   1.51303e-06    0.00941223       330.812       326.812       326.688     -0.386018     0.0664696      0.183623   2.01381e+07   1.93982e+07   3.95363e+07   1.39265e+08
    1.5259e-06    0.00941223       330.811       326.813       326.687     -0.389341     0.0641761      0.186435   2.01379e+07   1.93983e+07   3.95362e+07   1.39265e+08
   1.53876e-06    0.00941223       330.811       326.813       326.686     -0.392693     0.0618628      0.189285   2.01377e+07   1.93983e+07    3.9536e+07   1.39266e+08
   1.55159e-06    0.00941223        330.81       326.813       326.685     -0.396011     0.0595254      0.192156   2.01376e+07   1.93984e+07   3.95359e+07   1.39267e+08
   1.56441e-06    0.00941223       330.809       326.814       326.684     -0.399335     0.0571812      0.195045   2.01374e+07   1.93984e+07   3.95358e+07   1.39268e+08
   1.57722e-06    0.00941223       330.808       326.814       326.683     -0.402637     0.0548112       0.19796   2.01373e+07   1.93985e+07   3.95357e+07    1.3927e+08
   1.59001e-06    0.00941223       330.808       326.814       326.682     -0.405914     0.0523867      0.200912   2.01371e+07   1.93985e+07   3.95356e+07   1.39272e+08
   1.60278e-06    0.00941223       330.807       326.815        326.68     -0.409185     0.0499654      0.203871    2.0137e+07   1.93985e+07   3.95355e+07   1.39273e+08
   1.61554e-06    0.00941223       330.806       326.815       326.679     -0.412474     0.0475653      0.206845   2.01369e+07   1.93986e+07   3.95354e+07   1.39276e+08
   1.62829e-06    0.00941223       330.806       326.816       326.678     -0.415727     0.0451195      0.209849   2.01367e+07   1.93986e+07   3.95353e+07   1.39278e+08
   1.64102e-06    0.00941223       330.805       326.816       326.677     -0.418981     0.0426586      0.212863   2.01366e+07   1.93986e+07   3.95352e+07    1.3928e+08
   1.65373e-06    0.00941223       330.804       326.816       326.676     -0.422255     0.0401812       0.21589   2.01365e+07   1.93986e+07   3.95351e+07   1.39283e+08
   1.66644e-06    0.00941223       330.804       326.817       326.675     -0.425472     0.0376951      0.218927   2.01364e+07   1.93986e+07    3.9535e+07   1.39285e+08
   1.67912e-06    0.00941223       330.803       326.817       326.673     -0.428729      0.035195      0.221961   2.01363e+07   1.93986e+07   3.95349e+07   1.39288e+08
    1.6918e-06    0.00941223       330.802       326.818       326.672     -0.431956     0.0326918      0.225004   2.01361e+07   1.93987e+07   3.95348e+07    1.3929e+08
   1.70446e-06    0.00941223       330.802       326.818       326.671     -0.435178     0.0301973       0.22805    2.0136e+07   1.93987e+07   3.95347e+07   1.39293e+08
   1.71711e-06    0.00941223       330.801       326.818        326.67     -0.438359     0.0276351      0.231089   2.01359e+07   1.93987e+07   3.95346e+07   1.39296e+08
   1.72974e-06    0.00941223         330.8       326.819       326.669     -0.441584     0.0251144      0.234141   2.01358e+07   1.93987e+07   3.95345e+07     1.393e+08
   1.74236e-06    0.00941223       330.799       326.819       326.668     -0.444769     0.0225881      0.237216   2.01357e+07   1.93987e+07   3.95344e+07   1.39303e+08
   1.75497e-06    0.00941223       330.799        326.82       326.666     -0.447963     0.0200167      0.240295   2.01356e+07   1.93987e+07   3.95343e+07   1.39306e+08
   1.76757e-06    0.00941223       330.798        326.82       326.665     -0.451204     0.0174766      0.243392   2.01355e+07   1.93987e+07   3.95342e+07   1.39308e+08
   1.78015e-06    0.00941223       330.797        326.82       326.664     -0.454394      0.014947      0.246502   2.01354e+07   1.93987e+07   3.95341e+07   1.39311e+08
   1.79272e-06    0.00941223       330.797       326.821       326.663     -0.457599     0.0123754      0.249634   2.01353e+07   1.93987e+07    3.9534e+07   1.39314e+08
   1.80528e-06    0.00941223       330.796       326.821       326.662     -0.460773    0.00980327      0.252759   2.01352e+07   1.93987e+07   3.95339e+07   1.39318e+08
   1.81783e-06    0.00941223       330.795       326.822       326.661     -0.463944    0.00721933      0.255931   2.01351e+07   1.93987e+07   3.95338e+07   1.39322e+08
   1.83037e-06    0.00941223       330.795       326.822       326.659      -0.46711    0.00461406      0.259099    2.0135e+07   1.93987e+07   3.95337e+07   1.39324e+08
   1.84289e-06    0.00941223       330.794       326.822       326.658     -0.470266    0.00202951      0.262261   2.01349e+07   1.93987e+07   3.95336e+07   1.39328e+08
    1.8554e-06    0.00941223       330.793       326.823       326.657     -0.473384   -0.00057098      0.265429   2.01348e+07   1.93987e+07   3.95335e+07   1.39333e+08
    1.8679e-06    0.00941223       330.793       326.823       326.656     -0.476532   -0.00317131      0.268604   2.01347e+07   1.93987e+07   3.95334e+07   1.39336e+08
    1.8804e-06    0.00941223       330.792       326.824       326.655      -0.47965   -0.00574627      0.271754   2.01347e+07   1.93986e+07   3.95333e+07    1.3934e+08
   1.89288e-06    0.00941223       330.791       326.824       326.653     -0.482786   -0.00831729      0.274852   2.01346e+07   1.93986e+07   3.95332e+07   1.39344e+08
   1.90534e-06    0.00941223        330.79       326.825       326.652     -0.485818     -0.010824      0.277855   2.01345e+07   1.93986e+07   3.95331e+07   1.39346e+08
    1.9178e-06    0.00941223        330.79       326.825       326.651     -0.488799    -0.0134377      0.280921   2.01343e+07   1.93987e+07    3.9533e+07   1.39349e+08
   1.93025e-06    0.00941223       330.789       326.825        326.65     -0.491788      -0.01605      0.283975   2.01342e+07   1.93987e+07   3.95329e+07   1.39352e+08
   1.94269e-06    0.00941223       330.788       326.826       326.649     -0.494741    -0.0186317      0.286984   2.01341e+07   1.93987e+07   3.95328e+07   1.39356e+08
   1.95512e-06    0.00941223       330.788       326.826       326.647     -0.497707    -0.0212962      0.289956    2.0134e+07   1.93987e+07   3.95327e+07   1.39359e+08
   1.96753e-06    0.00941223       330.787       326.827       326.646      -0.50063    -0.0239166       0.29285   2.01339e+07   1.93987e+07   3.95326e+07   1.39361e+08
   1.97993e-06    0.00941223       330.786       326.827       326.645      -0.50359    -0.0266011      0.295771   2.01338e+07   1.93987e+07   3.95325e+07   1.39365e+08
   1.99233e-06    0.00941223       330.786       326.827       326.644     -0.506635    -0.0292065      0.298813   2.01337e+07   1.93987e+07   3.95324e+07   1.39367e+08
   2.00471e-06    0.00941223       330.785       326.828       326.643     -0.509567    -0.0319334      0.301705   2.01336e+07   1.93987e+07   3.95323e+07   1.39371e+08
   2.01708e-06    0.00941223       330.784       326.828       326.641     -0.512498    -0.0346264      0.304577   2.01335e+07   1.93987e+07   3.95322e+07   1.39374e+08
   2.02944e-06    0.00941223       330.783       326.829        326.64     -0.515518    -0.0372943      0.307565   2.01334e+07   1.93987e+07   3.95321e+07   1.39377e+08
   2.04178e-06    0.00941223       330.783       326.829       326.639      -0.51841    -0.0400041      0.310409   2.01333e+07   1.93987e+07    3.9532e+07    1.3938e+08
   2.05412e-06    0.00941223       330.782       326.829       326.638     -0.521283    -0.0427459      0.313329   2.01332e+07   1.93986e+07   3.95319e+07   1.39384e+08
   2.06645e-06    0.00941223       330.781        326.83       326.636     -0.524305    -0.0456513      0.316365   2.01331e+07   1.93987e+07   3.95318e+07   1.39387e+08
   2.07876e-06    0.00941223       330.781        326.83       326.635      -0.52728    -0.0486126      0.319507    2.0133e+07   1.93987e+07   3.95317e+07   1.39389e+08
   2.09107e-06    0.00941223        330.78       326.831       326.634     -0.530243      -0.05153      0.322587   2.01328e+07   1.93987e+07   3.95316e+07   1.39391e+08
   2.10337e-06    0.00941223       330.779       326.831       326.633     -0.533195    -0.0544578      0.325629   2.01327e+07   1.93988e+07   3.95315e+07   1.39394e+08
   2.11565e-06    0.00941223       330.779       326.832       326.631     -0.536142     -0.057319      0.328643   2.01326e+07   1.93988e+07   3.95314e+07   1.39396e+08
   2.12793e-06    0.00941223       330.778       326.832        326.63     -0.539077    -0.0601944      0.331637   2.01325e+07   1.93988e+07   3.95313e+07   1.39398e+08
    2.1402e-06    0.00941223       330.777       326.832       326.629     -0.541992     -0.063062      0.334586   2.01324e+07   1.93988e+07   3.95312e+07   1.39401e+08
   2.15245e-06    0.00941223       330.777       326.833       326.628     -0.544906    -0.0659374      0.337478   2.01323e+07   1.93988e+07   3.95311e+07   1.39404e+08
    2.1647e-06    0.00941223       330.776       326.833       326.627     -0.547802     -0.068829      0.340391   2.01321e+07   1.93988e+07    3.9531e+07   1.39406e+08
   2.17694e-06    0.00941223       330.775       326.834       326.625     -0.550683    -0.0716579      0.343241    2.0132e+07   1.93988e+07   3.95309e+07   1.39409e+08
   2.18917e-06    0.00941223       330.774       326.834       326.624     -0.553564    -0.0745187      0.346083   2.01319e+07   1.93989e+07   3.95308e+07   1.39411e+08
   2.20139e-06    0.00941223       330.774       326.834       326.623     -0.556413    -0.0773846      0.348912   2.01318e+07   1.93988e+07   3.95307e+07   1.39415e+08
    2.2136e-06    0.00941223       330.773       326.835       326.622     -0.559275    -0.0802531       0.35174   2.01317e+07   1.93989e+07   3.95306e+07   1.39418e+08
   2.22581e-06    0.00941223       330.772       326.835        326.62     -0.562111    -0.0830908      0.354536   2.01316e+07   1.93989e+07   3.95305e+07   1.39421e+08
     2.238e-06    0.00941223       330.772       326.836       326.619     -0.564917    -0.0858981      0.357319   2.01315e+07   1.93989e+07   3.95304e+07   1.39424e+08
   2.25018e-06    0.00941223       330.771       326.836       326.618     -0.567719    -0.0887175       0.36009   2.01314e+07   1.93989e+07   3.95303e+07   1.39427e+08
   2.26236e-06    0.00941223        330.77       326.836       326.616     -0.570528    -0.0915069      0.362856   2.01313e+07   1.93989e+07   3.95302e+07    1.3943e+08
   2.27453e-06    0.00941223        330.77       326.837       326.615     -0.573303    -0.0943361      0.365587   2.01312e+07   1.93989e+07   3.95301e+07   1.39432e+08
   2.28669e-06    0.00941223       330.769       326.837       326.614     -0.576102    -0.0972261      0.368317   2.01311e+07   1.93989e+07     3.953e+07   1.39435e+08
   2.29884e-06    0.00941223       330.768       326.837       326.613     -0.578884     -0.100053      0.371027    2.0131e+07   1.93989e+07   3.95299e+07   1.39437e+08
   2.31099e-06    0.00941223       330.768       326.838       326.611     -0.581667     -0.102961      0.373719   2.01309e+07   1.93989e+07   3.95298e+07   1.39441e+08
   2.32312e-06    0.00941223       330.767       326.838        326.61     -0.584463     -0.105869      0.376408   2.01308e+07   1.93989e+07   3.95297e+07   1.39443e+08
   2.33525e-06    0.00941223       330.766       326.839       326.609     -0.587238     -0.108689      0.379063   2.01307e+07   1.93989e+07   3.95296e+07   1.39446e+08
   2.34737e-06    0.00941223       330.766       326.839       326.608     -0.590015     -0.111559      0.381715   2.01306e+07   1.93989e+07   3.95295e+07   1.39449e+08
   2.35949e-06    0.00941223       330.765       326.839       326.606       -0.5928     -0.114451      0.384363   2.01304e+07   1.93989e+07   3.95294e+07   1.39452e+08
   2.37159e-06    0.00941223       330.764        326.84       326.605     -0.595545      -0.11724      0.386953   2.01304e+07   1.93989e+07   3.95292e+07   1.39456e+08
   2.38369e-06    0.00941223       330.764        326.84       326.604     -0.598314     -0.120125      0.389566   2.01303e+07   1.93989e+07   3.95291e+07   1.39459e+08
   2.39578e-06    0.00941223       330.763       326.841       326.602     -0.601063     -0.122993      0.392189   2.01302e+07   1.93989e+07    3.9529e+07   1.39462e+08
   2.40787e-06    0.00941223       330.762       326.841       326.601       -0.6038     -0.125777      0.394759   2.01301e+07   1.93989e+07   3.95289e+07   1.39465e+08
   2.41995e-06    0.00941223       330.762       326.841         326.6     -0.606531     -0.128656      0.397355     2.013e+07   1.93989e+07   3.95288e+07   1.39468e+08
   2.43202e-06    0.00941223       330.761       326.842       326.599     -0.609284     -0.131525      0.399988   2.01299e+07   1.93989e+07   3.95287e+07   1.39472e+08
   2.44408e-06    0.00941223        330.76       326.842       326.597     -0.612029      -0.13441      0.402619   2.01297e+07   1.93989e+07   3.95286e+07   1.39474e+08
   2.45614e-06    0.00941223        330.76       326.842       326.596      -0.61476     -0.137203      0.405212   2.01296e+07   1.93989e+07   3.95285e+07   1.39477e+08
   2.46819e-06    0.00941223       330.759       326.843       326.595     -0.617494     -0.140073       0.40781   2.01295e+07   1.93989e+07   3.95284e+07    1.3948e+08
   2.48023e-06    0.00941223       330.758       326.843       326.593       -0.6202     -0.142947        0.4104   2.01294e+07   1.93989e+07   3.95283e+07   1.39483e+08
   2.49227e-06    0.00941223       330.758       326.844       326.592     -0.622918     -0.145867      0.412985   2.01293e+07   1.93989e+07   3.95282e+07   1.39486e+08
    2.5043e-06    0.00941223       330.757       326.844       326.591      -0.62555     -0.148712      0.415523   2.01293e+07   1.93989e+07   3.95281e+07   1.39491e+08
   2.51633e-06    0.00941223       330.756       326.844       326.589     -0.628177      -0.15157      0.418048   2.01292e+07   1.93989e+07    3.9528e+07   1.39494e+08
   2.52835e-06    0.00941223       330.756       326.845       326.588     -0.630774     -0.154332      0.420537   2.01291e+07   1.93988e+07   3.95279e+07   1.39498e+08
   2.54036e-06    0.00941223       330.755       326.845       326.587     -0.633421     -0.157185      0.423039    2.0129e+07   1.93988e+07   3.95278e+07   1.39501e+08
   2.55237e-06    0.00941223       330.754       326.845       326.585      -0.63605     -0.160067      0.425502   2.01289e+07   1.93988e+07   3.95277e+07   1.39506e+08
   2.56437e-06    0.00941223       330.754       326.846       326.584     -0.638681     -0.162866      0.427978   2.01288e+07   1.93988e+07   3.95276e+07   1.39507e+08
   2.57638e-06    0.00941223       330.753       326.846       326.583     -0.641342     -0.165693      0.430456   2.01287e+07   1.93988e+07   3.95275e+07    1.3951e+08
   2.58839e-06    0.00941223       330.752       326.847       326.582      -0.64397     -0.168495      0.432904   2.01286e+07   1.93988e+07   3.95274e+07   1.39514e+08
   2.60041e-06    0.00941223       330.752       326.847        326.58     -0.646602     -0.171336      0.435365   2.01285e+07   1.93988e+07   3.95273e+07   1.39516e+08
   2.61242e-06    0.00941223       330.751       326.847       326.579     -0.649234     -0.174149      0.437796   2.01284e+07   1.93988e+07   3.95272e+07    1.3952e+08
   2.62444e-06    0.00941223        330.75       326.848       326.578     -0.651856     -0.176969      0.440239   2.01283e+07   1.93988e+07   3.95271e+07   1.39523e+08
   2.63647e-06    0.00941223        330.75       326.848       326.576     -0.654457     -0.179779      0.442678   2.01282e+07   1.93988e+07    3.9527e+07   1.39525e+08
   2.64849e-06    0.00941223       330.749       326.848       326.575     -0.657051     -0.182552      0.445068   2.01281e+07   1.93988e+07   3.95269e+07   1.39528e+08
   2.66052e-06    0.00941223       330.748       326.849       326.574     -0.659652     -0.185401      0.447513    2.0128e+07   1.93988e+07   3.95268e+07   1.39531e+08
   2.67255e-06    0.00941223       330.748       326.849       326.572     -0.662253      -0.18829      0.449906   2.01279e+07   1.93988e+07   3.95267e+07   1.39533e+08
   2.68458e-06    0.00941223       330.747       326.849       326.571     -0.664827     -0.191242      0.452296   2.01278e+07   1.93988e+07   3.95266e+07   1.39534e+08
   2.69661e-06    0.00941223       330.746        326.85        326.57     -0.667406     -0.194208      0.454685   2.01277e+07   1.93988e+07   3.95265e+07   1.39537e+08
   2.70865e-06    0.00941223       330.746        326.85       326.568     -0.669954     -0.197143      0.457051   2.01276e+07   1.93988e+07   3.95264e+07   1.39538e+08
   2.72068e-06    0.00941223       330.745        326.85       326.567     -0.672479     -0.200136      0.459439   2.01275e+07   1.93988e+07   3.95262e+07    1.3954e+08
   2.73272e-06    0.00941223       330.745       326.851       326.566     -0.675016     -0.203094      0.461797   2.01274e+07   1.93987e+07   3.95261e+07   1.39544e+08
   2.74476e-06    0.00941223       330.744       326.851       326.564     -0.677541      -0.20606      0.464171   2.01273e+07   1.93987e+07    3.9526e+07   1.39546e+08
    2.7568e-06    0.00941223       330.743       326.852       326.563     -0.680037     -0.209018      0.466545   2.01272e+07   1.93987e+07   3.95259e+07   1.39548e+08
   2.76885e-06    0.00941223       330.743       326.852       326.561     -0.682516     -0.211994      0.468891   2.01271e+07   1.93987e+07   3.95258e+07   1.39552e+08
   2.78089e-06    0.00941223       330.742       326.852        326.56     -0.685028     -0.214996      0.471247    2.0127e+07   1.93987e+07   3.95257e+07   1.39554e+08
   2.79294e-06    0.00941223       330.741       326.853       326.559     -0.687547     -0.217969      0.473544   2.01269e+07   1.93987e+07   3.95256e+07   1.39556e+08
   2.80499e-06    0.00941223       330.741       326.853       326.557     -0.689965      -0.22097      0.475755   2.01268e+07   1.93987e+07   3.95255e+07    1.3956e+08
   2.81704e-06    0.00941223        330.74       326.853       326.556     -0.692378     -0.223975       0.47798   2.01267e+07   1.93987e+07   3.95254e+07   1.39563e+08
   2.82909e-06    0.00941223       330.739       326.854       326.555     -0.694773     -0.226982      0.480192   2.01266e+07   1.93987e+07   3.95253e+07   1.39566e+08
   2.84114e-06    0.00941223       330.739       326.854       326.553      -0.69717     -0.229969      0.482417   2.01265e+07   1.93987e+07   3.95252e+07   1.39569e+08
   2.85319e-06    0.00941223       330.738       326.854       326.552     -0.699541     -0.233001       0.48462   2.01265e+07   1.93986e+07   3.95251e+07   1.39572e+08
   2.86524e-06    0.00941223       330.738       326.855       326.551     -0.701828     -0.236096      0.486881   2.01264e+07   1.93986e+07    3.9525e+07   1.39576e+08
    2.8773e-06    0.00941223       330.737       326.855       326.549     -0.704106     -0.239169      0.489147   2.01263e+07   1.93986e+07   3.95249e+07   1.39579e+08
   2.88936e-06    0.00941223       330.736       326.855       326.548     -0.706423     -0.242257      0.491433   2.01262e+07   1.93986e+07   3.95248e+07   1.39582e+08
   2.90141e-06    0.00941223       330.736       326.856       326.546     -0.708684     -0.245314       0.49368   2.01261e+07   1.93986e+07   3.95247e+07   1.39585e+08
   2.91347e-06    0.00941223       330.735       326.856       326.545     -0.710939     -0.248401      0.495913    2.0126e+07   1.93985e+07   3.95246e+07   1.39589e+08
   2.92553e-06    0.00941223       330.734       326.856       326.544     -0.713226      -0.25155      0.498255    2.0126e+07   1.93985e+07   3.95245e+07   1.39593e+08
   2.93759e-06    0.00941223       330.734       326.857       326.542     -0.715501     -0.254593      0.500527   2.01259e+07   1.93985e+07   3.95244e+07   1.39598e+08
   2.94965e-06    0.00941223       330.733       326.857       326.541     -0.717717     -0.257609      0.502777   2.01258e+07   1.93985e+07   3.95242e+07   1.39602e+08
   2.96171e-06    0.00941223       330.733       326.857       326.539     -0.719942     -0.260629      0.505012   2.01257e+07   1.93984e+07   3.95241e+07   1.39606e+08
   2.97377e-06    0.00941223       330.732       326.858       326.538     -0.722148     -0.263623      0.507211   2.01256e+07   1.93984e+07    3.9524e+07    1.3961e+08
   2.98583e-06    0.00941223       330.731       326.858       326.537     -0.724387     -0.266652      0.509453   2.01256e+07   1.93984e+07   3.95239e+07   1.39614e+08
    2.9979e-06    0.00941223       330.731       326.858       326.535     -0.726584     -0.269661      0.511671   2.01255e+07   1.93983e+07   3.95238e+07   1.39619e+08
   3.00996e-06    0.00941223        330.73       326.859       326.534     -0.728767     -0.272711      0.513877   2.01254e+07   1.93983e+07   3.95237e+07   1.39623e+08
   3.02202e-06    0.00941223        330.73       326.859       326.532     -0.730944     -0.275782      0.516112   2.01253e+07   1.93983e+07   3.95236e+07   1.39626e+08
   3.03409e-06    0.00941223       330.729       326.859       326.531     -0.733116      -0.27883      0.518296   2.01253e+07   1.93983e+07   3.95235e+07    1.3963e+08
   3.04615e-06    0.00941223       330.728        326.86        326.53     -0.735273     -0.281869      0.520484   2.01252e+07   1.93982e+07   3.95234e+07   1.39634e+08
   3.05822e-06    0.00941223       330.728        326.86       326.528       -0.7371     -0.284894      0.522312    2.0125e+07   1.93982e+07   3.95233e+07   1.39636e+08
   3.07028e-06    0.00941223       330.727        326.86       326.527     -0.739243     -0.287898      0.524514    2.0125e+07   1.93982e+07   3.95232e+07   1.39639e+08
   3.08235e-06    0.00941223       330.727       326.861       326.525     -0.741372     -0.290943      0.526703   2.01249e+07   1.93982e+07   3.95231e+07   1.39643e+08
   3.09442e-06    0.00941223       330.726       326.861       326.524     -0.743501     -0.293934      0.528891   2.01248e+07   1.93982e+07    3.9523e+07   1.39646e+08
   3.10648e-06    0.00941223       330.725       326.861       326.523      -0.74561     -0.296911      0.531097   2.01247e+07   1.93982e+07   3.95229e+07   1.39649e+08
   3.11855e-06    0.00941223       330.725       326.862       326.521     -0.747704     -0.299944      0.533248   2.01246e+07   1.93982e+07   3.95228e+07   1.39654e+08
   3.13061e-06    0.00941223       330.724       326.862        326.52     -0.749814     -0.302956      0.535441   2.01245e+07   1.93982e+07   3.95227e+07   1.39657e+08
   3.14268e-06    0.00941223       330.724       326.862       326.518     -0.751935     -0.305949      0.537603   2.01244e+07   1.93981e+07   3.95226e+07    1.3966e+08
   3.15475e-06    0.00941223       330.723       326.863       326.517     -0.754169      -0.30878      0.539654   2.01244e+07   1.93981e+07   3.95224e+07   1.39664e+08
   3.16681e-06    0.00941223       330.722       326.863       326.515     -0.756235     -0.311816      0.541782   2.01243e+07   1.93981e+07   3.95223e+07   1.39667e+08
   3.17888e-06    0.00941223       330.722       326.863       326.514     -0.757974      -0.31486      0.543564   2.01241e+07   1.93981e+07   3.95222e+07   1.39669e+08
   3.19095e-06    0.00941223       330.721       326.864       326.513     -0.760021     -0.318047      0.545745   2.01241e+07    1.9398e+07   3.95221e+07   1.39674e+08
   3.20302e-06    0.00941223       330.721       326.864       326.511     -0.762102     -0.321134      0.547898    2.0124e+07    1.9398e+07    3.9522e+07   1.39677e+08
   3.21509e-06    0.00941223        330.72       326.864        326.51     -0.764153     -0.324225      0.550028   2.01239e+07    1.9398e+07   3.95219e+07   1.39681e+08
   3.22717e-06    0.00941223        330.72       326.865       326.508     -0.766401     -0.327072      0.552061   2.01238e+07    1.9398e+07   3.95218e+07   1.39682e+08
   3.23924e-06    0.00941223       330.719       326.865       326.507       -0.7685     -0.330227      0.554207   2.01238e+07    1.9398e+07   3.95217e+07   1.39686e+08
   3.25132e-06    0.00941223       330.718       326.865       326.505     -0.770583     -0.333345      0.556291   2.01237e+07   1.93979e+07   3.95216e+07   1.39688e+08
    3.2634e-06    0.00941223       330.718       326.865       326.504      -0.77269     -0.336406      0.558407   2.01235e+07   1.93979e+07   3.95215e+07   1.39688e+08
   3.27548e-06    0.00941223       330.717       326.866       326.503      -0.77479     -0.339544      0.560668   2.01234e+07   1.93979e+07   3.95214e+07    1.3969e+08
   3.28756e-06    0.00941223       330.717       326.866       326.501     -0.777044     -0.342467      0.562757   2.01234e+07   1.93979e+07   3.95213e+07   1.39691e+08
   3.29964e-06    0.00941223       330.716       326.866         326.5     -0.778731     -0.345466      0.564568   2.01232e+07   1.93979e+07   3.95212e+07   1.39692e+08
   3.31173e-06    0.00941223       330.716       326.867       326.498     -0.780825     -0.348542      0.566813   2.01231e+07   1.93979e+07   3.95211e+07   1.39693e+08
   3.32381e-06    0.00941223       330.715       326.867       326.497      -0.78288     -0.351564      0.569045    2.0123e+07   1.93979e+07    3.9521e+07   1.39694e+08
    3.3359e-06    0.00941223       330.714       326.867       326.495     -0.784913     -0.354606      0.571329   2.01229e+07   1.93979e+07   3.95208e+07   1.39697e+08
   3.34798e-06    0.00941223       330.714       326.868       326.494     -0.787059     -0.357468      0.573394   2.01229e+07   1.93979e+07   3.95207e+07   1.39699e+08
   3.36007e-06    0.00941223       330.713       326.868       326.492     -0.789065     -0.360478      0.575614   2.01228e+07   1.93979e+07   3.95206e+07   1.39702e+08
   3.37216e-06    0.00941223       330.713       326.868       326.491     -0.791089     -0.363475       0.57786   2.01227e+07   1.93979e+07   3.95205e+07   1.39704e+08
   3.38424e-06    0.00941223       330.712       326.869       326.489     -0.793213     -0.366409       0.58009   2.01225e+07   1.93979e+07   3.95204e+07   1.39705e+08
   3.39633e-06    0.00941223       330.712       326.869       326.488     -0.795172     -0.369443      0.582393   2.01224e+07   1.93979e+07   3.95203e+07   1.39707e+08
   3.40842e-06    0.00941223       330.711       326.869       326.487     -0.797051     -0.372163      0.584083   2.01223e+07   1.93979e+07   3.95202e+07   1.39709e+08
   3.42052e-06    0.00941223       330.711       326.869       326.485     -0.799073     -0.375016      0.586287   2.01222e+07   1.93979e+07   3.95201e+07   1.39711e+08
   3.43261e-06    0.00941223        330.71        326.87       326.484     -0.801078      -0.37789      0.588516   2.01221e+07   1.93978e+07     3.952e+07   1.39715e+08
    3.4447e-06    0.00941223        330.71        326.87       326.482     -0.803064     -0.380817      0.590808   2.01221e+07   1.93978e+07   3.95199e+07   1.39719e+08
   3.45679e-06    0.00941223       330.709        326.87       326.481     -0.805194     -0.383501      0.592914    2.0122e+07   1.93978e+07   3.95198e+07   1.39722e+08
   3.46889e-06    0.00941223       330.708       326.871       326.479     -0.807163     -0.386394      0.595079   2.01219e+07   1.93978e+07   3.95197e+07   1.39725e+08
   3.48098e-06    0.00941223       330.708       326.871       326.478     -0.809095     -0.389252       0.59727   2.01218e+07   1.93977e+07   3.95196e+07   1.39729e+08
   3.49308e-06    0.00941223       330.707       326.871       326.476      -0.81108      -0.39214      0.599588   2.01217e+07   1.93977e+07   3.95195e+07   1.39731e+08
   3.50517e-06    0.00941223       330.707       326.872       326.475     -0.813031      -0.39502      0.601798   2.01216e+07   1.93977e+07   3.95193e+07   1.39734e+08
   3.51727e-06    0.00941223       330.706       326.872       326.473      -0.81505     -0.397697      0.603854   2.01216e+07   1.93977e+07   3.95192e+07   1.39738e+08
   3.52936e-06    0.00941223       330.706       326.872       326.472     -0.816963     -0.400549      0.606078   2.01215e+07   1.93976e+07   3.95191e+07   1.39741e+08
   3.54146e-06    0.00941223       330.705       326.873        326.47     -0.818532     -0.403322      0.608009   2.01213e+07   1.93977e+07    3.9519e+07   1.39742e+08
   3.55355e-06    0.00941223       330.705       326.873       326.469     -0.820415     -0.406184      0.610226   2.01213e+07   1.93977e+07   3.95189e+07   1.39746e+08
   3.56564e-06    0.00941223       330.704       326.873       326.467     -0.822436     -0.408773      0.612339   2.01212e+07   1.93976e+07   3.95188e+07   1.39749e+08
   3.57773e-06    0.00941223       330.704       326.873       326.466     -0.824241      -0.41161       0.61452   2.01211e+07   1.93976e+07   3.95187e+07   1.39752e+08
   3.58982e-06    0.00941223       330.703       326.874       326.464     -0.826053      -0.41436      0.616698    2.0121e+07   1.93976e+07   3.95186e+07   1.39755e+08
   3.60191e-06    0.00941223       330.703       326.874       326.463     -0.827891     -0.417098      0.618917    2.0121e+07   1.93975e+07   3.95185e+07   1.39758e+08
   3.61399e-06    0.00941223       330.702       326.874       326.461     -0.829819     -0.419752      0.621055   2.01209e+07   1.93975e+07   3.95184e+07   1.39762e+08
   3.62608e-06    0.00941223       330.702       326.875        326.46     -0.831614     -0.422467      0.623262   2.01208e+07   1.93975e+07   3.95183e+07   1.39764e+08
   3.63816e-06    0.00941223       330.701       326.875       326.459     -0.833315      -0.42523      0.625425   2.01207e+07   1.93974e+07   3.95182e+07   1.39768e+08
   3.65025e-06    0.00941223         330.7       326.875       326.457     -0.835078     -0.427943      0.627629   2.01207e+07   1.93974e+07   3.95181e+07   1.39771e+08
   3.66233e-06    0.00941223         330.7       326.876       326.456     -0.836634     -0.430435      0.629344   2.01206e+07   1.93974e+07    3.9518e+07   1.39773e+08
   3.67441e-06    0.00941223       330.699       326.876       326.454     -0.838378     -0.433197      0.631649   2.01205e+07   1.93974e+07   3.95179e+07   1.39775e+08
   3.68649e-06    0.00941223       330.699       326.876       326.453       -0.8401     -0.435925      0.633869   2.01204e+07   1.93973e+07   3.95177e+07   1.39779e+08
   3.69857e-06    0.00941223       330.698       326.876       326.451     -0.841853     -0.438683      0.636154   2.01203e+07   1.93973e+07   3.95176e+07    1.3978e+08
   3.71065e-06    0.00941223       330.698       326.877        326.45     -0.843733     -0.441222      0.638214   2.01202e+07   1.93973e+07   3.95175e+07   1.39781e+08
   3.72272e-06    0.00941223       330.697       326.877       326.448     -0.845446      -0.44396      0.640488   2.01202e+07   1.93973e+07   3.95174e+07   1.39782e+08
    3.7348e-06    0.00941223       330.697       326.877       326.447     -0.847186     -0.446686      0.642668   2.01201e+07   1.93972e+07   3.95173e+07   1.39785e+08
   3.74687e-06    0.00941223       330.696       326.878       326.445     -0.849011     -0.449236      0.644797     2.012e+07   1.93972e+07   3.95172e+07   1.39788e+08
   3.75895e-06    0.00941223       330.696       326.878       326.444      -0.85072     -0.451946      0.646968   2.01199e+07   1.93972e+07   3.95171e+07    1.3979e+08
   3.77102e-06    0.00941223       330.695       326.878       326.442     -0.852347     -0.454704      0.649126   2.01199e+07   1.93971e+07    3.9517e+07   1.39793e+08
   3.78309e-06    0.00941223       330.695       326.879       326.441     -0.854003     -0.457374      0.651299   2.01198e+07   1.93971e+07   3.95169e+07   1.39794e+08
   3.79516e-06    0.00941223       330.694       326.879       326.439     -0.855792      -0.45995      0.653416   2.01197e+07   1.93971e+07   3.95168e+07   1.39797e+08
   3.80723e-06    0.00941223       330.694       326.879       326.438     -0.857044     -0.462588      0.655241   2.01196e+07   1.93971e+07   3.95167e+07   1.39799e+08
    3.8193e-06    0.00941223       330.693       326.879       326.436     -0.858582     -0.465288       0.65746   2.01195e+07   1.93971e+07   3.95166e+07     1.398e+08
   3.83136e-06    0.00941223       330.693        326.88       326.435      -0.86016     -0.468027      0.659637   2.01194e+07    1.9397e+07   3.95165e+07   1.39802e+08
   3.84343e-06    0.00941223       330.692        326.88       326.433     -0.861804     -0.470578      0.661691   2.01194e+07    1.9397e+07   3.95164e+07   1.39805e+08
    3.8555e-06    0.00941223       330.692        326.88       326.432     -0.863337      -0.47327      0.663882   2.01193e+07    1.9397e+07   3.95163e+07   1.39807e+08
   3.86756e-06    0.00941223       330.691       326.881        326.43     -0.864847     -0.475978       0.66611   2.01192e+07   1.93969e+07   3.95161e+07   1.39808e+08
   3.87962e-06    0.00941223       330.691       326.881       326.429     -0.866432     -0.478531      0.668172   2.01192e+07   1.93969e+07    3.9516e+07   1.39812e+08
   3.89169e-06    0.00941223        330.69       326.881       326.427     -0.867917     -0.481196      0.670284   2.01191e+07   1.93968e+07   3.95159e+07   1.39814e+08
   3.90375e-06    0.00941223        330.69       326.882       326.426      -0.86936     -0.483876      0.672509    2.0119e+07   1.93968e+07   3.95158e+07   1.39817e+08
   3.91581e-06    0.00941223       330.689       326.882       326.424     -0.870768     -0.486513      0.674552    2.0119e+07   1.93968e+07   3.95157e+07   1.39819e+08
   3.92787e-06    0.00941223       330.689       326.882       326.423      -0.87234     -0.489045      0.676634   2.01189e+07   1.93967e+07   3.95156e+07   1.39824e+08
   3.93993e-06    0.00941223       330.688       326.882       326.421     -0.873745     -0.491694      0.678805   2.01188e+07   1.93967e+07   3.95155e+07   1.39826e+08
   3.95198e-06    0.00941223       330.688       326.883        326.42     -0.874872      -0.49427      0.680603   2.01187e+07   1.93967e+07   3.95154e+07   1.39827e+08
   3.96404e-06    0.00941223       330.687       326.883       326.418       -0.8764     -0.496755      0.682622   2.01187e+07   1.93966e+07   3.95153e+07   1.39831e+08
    3.9761e-06    0.00941223       330.687       326.883       326.417     -0.877803     -0.499426      0.684793   2.01186e+07   1.93966e+07   3.95152e+07   1.39834e+08
   3.98815e-06    0.00941223       330.686       326.884       326.415      -0.87921     -0.502037      0.686804   2.01185e+07   1.93965e+07   3.95151e+07   1.39835e+08
   4.00021e-06    0.00941223       330.686       326.884       326.414      -0.88073     -0.504511      0.688826   2.01185e+07   1.93965e+07    3.9515e+07   1.39838e+08
   4.01226e-06    0.00941223       330.685       326.884       326.412     -0.882091     -0.507136      0.690965   2.01184e+07   1.93965e+07   3.95149e+07   1.39838e+08
   4.02431e-06    0.00941223       330.685       326.885       326.411     -0.883461     -0.509799      0.693068   2.01183e+07   1.93965e+07   3.95148e+07   1.39839e+08
   4.03636e-06    0.00941223       330.684       326.885       326.409     -0.884842      -0.51237      0.695073   2.01182e+07   1.93964e+07   3.95147e+07   1.39841e+08
   4.04842e-06    0.00941223       330.684       326.885       326.408      -0.88632     -0.514881      0.697042   2.01182e+07   1.93964e+07   3.95146e+07   1.39844e+08
   4.06047e-06    0.00941223       330.683       326.886       326.406     -0.887596       -0.5175      0.699027   2.01181e+07   1.93964e+07   3.95145e+07   1.39845e+08
   4.07252e-06    0.00941223       330.683       326.886       326.405     -0.888897     -0.520054      0.700943    2.0118e+07   1.93963e+07   3.95143e+07   1.39846e+08
   4.08456e-06    0.00941223       330.682       326.886       326.403     -0.890053     -0.522382      0.702469   2.01179e+07   1.93963e+07   3.95142e+07   1.39847e+08
   4.09661e-06    0.00941223       330.682       326.887       326.402     -0.891332      -0.52505      0.704492   2.01179e+07   1.93963e+07   3.95141e+07   1.39849e+08
   4.10866e-06    0.00941223       330.681       326.887         326.4     -0.892622     -0.527675      0.706467   2.01178e+07   1.93963e+07    3.9514e+07   1.39851e+08
   4.12071e-06    0.00941223       330.681       326.887       326.399     -0.894061     -0.530123      0.708362   2.01177e+07   1.93962e+07   3.95139e+07   1.39854e+08
   4.13275e-06    0.00941223        330.68       326.888       326.397     -0.895315     -0.532749      0.710237   2.01177e+07   1.93962e+07   3.95138e+07   1.39857e+08
    4.1448e-06    0.00941223        330.68       326.888       326.396     -0.896561     -0.535326      0.712172   2.01176e+07   1.93962e+07   3.95137e+07   1.39856e+08
   4.15684e-06    0.00941223       330.679       326.888       326.394     -0.897954     -0.537744      0.713984   2.01175e+07   1.93961e+07   3.95136e+07   1.39859e+08
   4.16889e-06    0.00941223       330.679       326.889       326.393     -0.899199     -0.540283      0.715794   2.01174e+07   1.93961e+07   3.95135e+07   1.39861e+08
   4.18093e-06    0.00941223       330.678       326.889       326.391     -0.900431     -0.542938      0.717701   2.01174e+07    1.9396e+07   3.95134e+07   1.39864e+08
   4.19297e-06    0.00941223       330.678       326.889       326.389     -0.901773     -0.545405      0.719532   2.01173e+07    1.9396e+07   3.95133e+07   1.39867e+08
   4.20502e-06    0.00941223       330.677        326.89       326.388        -0.903     -0.548018      0.721419   2.01172e+07    1.9396e+07   3.95132e+07   1.39869e+08
   4.21706e-06    0.00941223       330.677        326.89       326.386     -0.904184     -0.550697      0.723281   2.01172e+07   1.93959e+07   3.95131e+07   1.39872e+08
    4.2291e-06    0.00941223       330.676        326.89       326.385     -0.905059      -0.55324      0.724802   2.01171e+07   1.93959e+07    3.9513e+07   1.39873e+08
   4.24114e-06    0.00941223       330.676       326.891       326.383     -0.906381     -0.555654      0.726552    2.0117e+07   1.93959e+07   3.95129e+07   1.39874e+08
   4.25318e-06    0.00941223       330.675       326.891       326.382     -0.907556     -0.558274      0.728401   2.01169e+07   1.93959e+07   3.95128e+07   1.39876e+08
   4.26522e-06    0.00941223       330.675       326.891        326.38     -0.908688     -0.560877       0.73018   2.01169e+07   1.93958e+07   3.95127e+07   1.39879e+08
   4.27726e-06    0.00941223       330.674       326.892       326.379     -0.909969     -0.563328      0.731893   2.01168e+07   1.93958e+07   3.95126e+07   1.39879e+08
   4.28929e-06    0.00941223       330.674       326.892       326.377     -0.911061     -0.565925      0.733656   2.01167e+07   1.93958e+07   3.95125e+07    1.3988e+08
   4.30133e-06    0.00941223       330.673       326.893       326.376     -0.912116     -0.568539      0.735377   2.01166e+07   1.93957e+07   3.95124e+07   1.39882e+08
   4.31337e-06    0.00941223       330.673       326.893       326.374     -0.913333     -0.571003      0.737047   2.01166e+07   1.93957e+07   3.95123e+07   1.39884e+08
   4.32541e-06    0.00941223       330.672       326.893       326.373     -0.914344     -0.573639      0.738778   2.01165e+07   1.93957e+07   3.95122e+07   1.39886e+08
   4.33744e-06    0.00941223       330.672       326.894       326.371     -0.915362     -0.576428      0.740572   2.01164e+07   1.93956e+07   3.95121e+07   1.39889e+08
   4.34948e-06    0.00941223       330.671       326.894        326.37     -0.916517     -0.578856      0.742183   2.01164e+07   1.93955e+07    3.9512e+07   1.39892e+08
   4.36151e-06    0.00941223       330.671       326.894       326.368     -0.917531     -0.581475      0.743885   2.01163e+07   1.93955e+07   3.95118e+07   1.39893e+08
   4.37355e-06    0.00941223        330.67       326.895       326.367     -0.918487       -0.5841      0.745607   2.01162e+07   1.93955e+07   3.95117e+07   1.39893e+08
   4.38558e-06    0.00941223        330.67       326.895       326.365     -0.919294     -0.586504      0.746818   2.01162e+07   1.93955e+07   3.95116e+07   1.39895e+08
   4.39762e-06    0.00941223       330.669       326.895       326.364     -0.920251     -0.589143      0.748592   2.01161e+07   1.93955e+07   3.95115e+07   1.39896e+08
   4.40965e-06    0.00941223       330.669       326.896       326.362     -0.921204     -0.591747      0.750232    2.0116e+07   1.93955e+07   3.95114e+07   1.39896e+08
   4.42168e-06    0.00941223       330.668       326.896       326.361     -0.922237     -0.594297      0.751808    2.0116e+07   1.93954e+07   3.95113e+07     1.399e+08
   4.43372e-06    0.00941223       330.668       326.897       326.359      -0.92318     -0.596936      0.753475   2.01159e+07   1.93953e+07   3.95112e+07   1.39903e+08
   4.44575e-06    0.00941223       330.667       326.897       326.357     -0.924059     -0.599555      0.755089   2.01158e+07   1.93953e+07   3.95111e+07   1.39904e+08
   4.45778e-06    0.00941223       330.667       326.897       326.356     -0.925094     -0.602057      0.756692   2.01158e+07   1.93952e+07    3.9511e+07   1.39907e+08
   4.46982e-06    0.00941223       330.666       326.898       326.354     -0.925998     -0.604667      0.758328   2.01157e+07   1.93952e+07   3.95109e+07   1.39908e+08
   4.48185e-06    0.00941223       330.666       326.898       326.353     -0.926807     -0.607293      0.759837   2.01156e+07   1.93952e+07   3.95108e+07    1.3991e+08
   4.49388e-06    0.00941223       330.665       326.898       326.351     -0.927908      -0.60976       0.76139   2.01156e+07   1.93951e+07   3.95107e+07   1.39912e+08
   4.50591e-06    0.00941223       330.665       326.899        326.35     -0.928768     -0.612437      0.762965   2.01155e+07   1.93951e+07   3.95106e+07   1.39915e+08
   4.51794e-06    0.00941223       330.664       326.899       326.348     -0.929712      -0.61521      0.764724   2.01155e+07    1.9395e+07   3.95105e+07   1.39919e+08
   4.52997e-06    0.00941223       330.664       326.899       326.347     -0.930607     -0.617684      0.766245   2.01154e+07    1.9395e+07   3.95104e+07    1.3992e+08
     4.542e-06    0.00941223       330.664         326.9       326.345      -0.93156     -0.620479      0.767926   2.01153e+07    1.9395e+07   3.95103e+07   1.39923e+08
   4.55403e-06    0.00941223       330.663         326.9       326.344     -0.932078     -0.623022      0.769118   2.01152e+07    1.9395e+07   3.95102e+07   1.39924e+08
   4.56606e-06    0.00941223       330.663       326.901       326.342     -0.933158     -0.625547       0.77065   2.01152e+07   1.93949e+07   3.95101e+07   1.39928e+08
   4.57809e-06    0.00941223       330.662       326.901        326.34     -0.934048      -0.62826      0.772156   2.01151e+07   1.93949e+07     3.951e+07   1.39929e+08
   4.59012e-06    0.00941223       330.662       326.901       326.339      -0.93483     -0.630883      0.773688   2.01151e+07   1.93948e+07   3.95099e+07   1.39932e+08
   4.60215e-06    0.00941223       330.661       326.902       326.337     -0.935839      -0.63345      0.775299    2.0115e+07   1.93948e+07   3.95098e+07   1.39933e+08
   4.61418e-06    0.00941223       330.661       326.902       326.336     -0.936756     -0.636185      0.776972   2.01149e+07   1.93947e+07   3.95097e+07   1.39935e+08
   4.62621e-06    0.00941223        330.66       326.902       326.334     -0.937515      -0.63874      0.778405   2.01149e+07   1.93947e+07   3.95096e+07   1.39937e+08
   4.63824e-06    0.00941223        330.66       326.903       326.333     -0.938524      -0.64124      0.779892   2.01148e+07   1.93946e+07   3.95095e+07    1.3994e+08
   4.65027e-06    0.00941223       330.659       326.903       326.331     -0.939379     -0.644002      0.781542   2.01148e+07   1.93946e+07   3.95094e+07   1.39943e+08
    4.6623e-06    0.00941223       330.659       326.903        326.33     -0.940249     -0.646643      0.783053   2.01147e+07   1.93946e+07   3.95093e+07   1.39944e+08
   4.67433e-06    0.00941223       330.658       326.904       326.328     -0.941067     -0.649053      0.784324   2.01147e+07   1.93945e+07   3.95092e+07   1.39946e+08
   4.68636e-06    0.00941223       330.658       326.904       326.326     -0.941856       -0.6517      0.785765   2.01146e+07   1.93945e+07   3.95091e+07   1.39948e+08
   4.69838e-06    0.00941223       330.657       326.905       326.325     -0.942694     -0.654433      0.787326   2.01145e+07   1.93945e+07    3.9509e+07   1.39948e+08
   4.71041e-06    0.00941223       330.657       326.905       326.323     -0.943696     -0.656867      0.788683   2.01144e+07   1.93944e+07   3.95089e+07   1.39949e+08
   4.72244e-06    0.00941223       330.656       326.905       326.322     -0.944193     -0.659518      0.789826   2.01143e+07   1.93945e+07   3.95088e+07   1.39949e+08
   4.73447e-06    0.00941223       330.656       326.906        326.32      -0.94517     -0.661977      0.791245   2.01142e+07   1.93944e+07   3.95087e+07    1.3995e+08
    4.7465e-06    0.00941223       330.655       326.906       326.319     -0.945957     -0.664609      0.792678   2.01141e+07   1.93944e+07   3.95086e+07   1.39949e+08
   4.75853e-06    0.00941223       330.655       326.907       326.317     -0.946763     -0.667294      0.794124   2.01141e+07   1.93944e+07   3.95085e+07   1.39952e+08
   4.77055e-06    0.00941223       330.654       326.907       326.316     -0.947551     -0.669629      0.795311    2.0114e+07   1.93943e+07   3.95084e+07   1.39952e+08
   4.78258e-06    0.00941223       330.654       326.907       326.314     -0.948356     -0.672184       0.79665   2.01139e+07   1.93943e+07   3.95083e+07   1.39953e+08
   4.79461e-06    0.00941223       330.653       326.908       326.312     -0.949013     -0.674919      0.798014   2.01139e+07   1.93943e+07   3.95082e+07   1.39954e+08
   4.80664e-06    0.00941223       330.653       326.908       326.311     -0.949857     -0.677347      0.799301   2.01138e+07   1.93942e+07   3.95081e+07   1.39956e+08
   4.81867e-06    0.00941223       330.652       326.908       326.309     -0.950623     -0.679913      0.800682   2.01137e+07   1.93942e+07    3.9508e+07   1.39956e+08
    4.8307e-06    0.00941223       330.652       326.909       326.308     -0.951273     -0.682561      0.802123   2.01137e+07   1.93942e+07   3.95079e+07    1.3996e+08
   4.84272e-06    0.00941223       330.652       326.909       326.306     -0.952035     -0.684931      0.803291   2.01136e+07   1.93941e+07   3.95078e+07   1.39959e+08
   4.85475e-06    0.00941223       330.651        326.91       326.305     -0.952722     -0.687563      0.804664   2.01135e+07   1.93941e+07   3.95077e+07    1.3996e+08
   4.86678e-06    0.00941223       330.651        326.91       326.303     -0.953424     -0.690093      0.805946   2.01135e+07   1.93941e+07   3.95076e+07   1.39963e+08
   4.87881e-06    0.00941223        330.65        326.91       326.301     -0.954001     -0.692767      0.807278   2.01134e+07   1.93941e+07   3.95075e+07   1.39962e+08
   4.89084e-06    0.00941223        330.65       326.911         326.3      -0.95465     -0.695423      0.808539   2.01133e+07   1.93941e+07   3.95074e+07   1.39962e+08
   4.90287e-06    0.00941223       330.649       326.911       326.298     -0.955009     -0.697856      0.809325   2.01132e+07    1.9394e+07   3.95073e+07   1.39962e+08
    4.9149e-06    0.00941223       330.649       326.912       326.297     -0.955576     -0.700458      0.810565   2.01131e+07   1.93941e+07   3.95072e+07    1.3996e+08
   4.92693e-06    0.00941223       330.648       326.912       326.295     -0.956214     -0.703136      0.811921    2.0113e+07    1.9394e+07   3.95071e+07   1.39962e+08
   4.93896e-06    0.00941223       330.648       326.912       326.294     -0.956899      -0.70567      0.813086    2.0113e+07    1.9394e+07    3.9507e+07   1.39964e+08
   4.95098e-06    0.00941223       330.647       326.913       326.292     -0.957438     -0.708312      0.814312   2.01129e+07    1.9394e+07   3.95069e+07   1.39965e+08
   4.96301e-06    0.00941223       330.647       326.913        326.29     -0.958119     -0.710842      0.815466   2.01128e+07   1.93939e+07   3.95068e+07   1.39965e+08
   4.97504e-06    0.00941223       330.646       326.914       326.289     -0.958603     -0.713587       0.81669   2.01128e+07   1.93939e+07   3.95067e+07   1.39966e+08
   4.98707e-06    0.00941223       330.646       326.914       326.287     -0.959145     -0.716213      0.817903   2.01127e+07   1.93939e+07   3.95066e+07   1.39966e+08
    4.9991e-06    0.00941223       330.645       326.915       326.286     -0.959837     -0.718626      0.819004   2.01126e+07   1.93938e+07   3.95065e+07   1.39967e+08
         5e-06    0.00941223       330.645       326.915       326.286     -0.959882     -0.718841      0.819098   2.01126e+07   1.93939e+07   3.95065e+07   1.39966e+08
