          time   rho_mms_err     u_mms_err     v_mms_err     w_mms_err     p_mms_err  rho_residual rhou_residual rhov_residual rhow_residual rhoE_residual
   4.39335e-09   2.05983e-07       129.952       109.462       146.044       6465.59   1.49013e-07      0.141281      0.119662      0.161485       18052.9
   9.22602e-09   4.30611e-07       265.046       223.493       297.802       13232.7   1.63364e-07       0.14745      0.125345      0.168523       18982.1
    1.4542e-08   6.76029e-07       404.859       341.818       454.784       20297.4   1.80059e-07      0.153177      0.130746      0.175041       19896.7
   2.03895e-08   9.47593e-07       548.727       463.967       616.288       27656.2   2.06086e-07      0.158072      0.135617      0.180853       20786.6
   2.68218e-08   1.24542e-06        696.05       589.473       781.591       35297.6   2.29015e-07      0.162296      0.140186      0.185669       21631.2
   3.38973e-08   1.57605e-06       846.134       717.862       949.837       43212.4   2.56062e-07      0.165797      0.144022      0.189641       22432.7
   4.16804e-08   1.94418e-06       997.933       848.268       1119.96       51379.4   2.88905e-07       0.16803      0.146905      0.192411         23141
   5.02418e-08    2.3569e-06       1150.52       980.016       1290.87       59790.7   3.27762e-07      0.169297      0.148998      0.193944         23822
   5.96593e-08   2.81951e-06       1302.79       1112.27        1461.2       68421.4   3.73097e-07      0.169164      0.150058      0.194032       24408.6
   7.00186e-08   3.32396e-06       1453.42       1243.72       1629.47       77246.2   4.13678e-07      0.167966      0.149385      0.192347       24908.3
   8.14138e-08   3.88329e-06       1601.11       1373.59       1794.34       86247.1    4.6198e-07      0.165153       0.14809      0.189041       25338.6
   9.39485e-08   4.51135e-06       1744.51       1500.68       1954.33       95398.7   5.25471e-07      0.160863      0.145104       0.18395       25674.5
   1.07737e-07   5.21391e-06        1882.2       1623.33       2107.99        104663   5.93575e-07      0.154413      0.139972      0.177293       25828.5
   1.22261e-07   5.96485e-06        2008.3       1736.56       2248.59        113642   6.36889e-07      0.141523       0.12967      0.162891       24941.5
   1.36772e-07   6.72478e-06       2117.71       1835.44        2370.5        121907   6.47518e-07      0.122831      0.113669      0.141912       22876.9
   1.51266e-07   7.49175e-06       2212.83       1921.89       2476.52        129546   6.56475e-07      0.107025      0.100011      0.124002       21086.2
   1.65744e-07   8.26234e-06       2295.74       1997.64       2568.85        136631   6.61078e-07     0.0935248     0.0883104      0.108733       19522.3
   1.80207e-07   9.03566e-06       2368.17       2064.13       2649.54        143225   6.64307e-07     0.0821233     0.0783053     0.0958675       18148.2
   1.94653e-07   9.80924e-06       2431.39       2122.36       2720.18        149381   6.70871e-07     0.0722323     0.0694254     0.0849608         16926
   2.09084e-07   1.05853e-05        2486.7       2173.45       2782.02        155142   6.79726e-07     0.0637198      0.062097     0.0752753       15821.2
   2.23499e-07   1.13604e-05       2535.29       2218.43       2836.46        160544   6.79191e-07     0.0567068     0.0558471     0.0673174       14837.8
     2.379e-07   1.21342e-05       2578.07        2258.1       2884.53        165619   6.78429e-07     0.0507941     0.0505205     0.0606101       13945.3
   2.52285e-07    1.2905e-05       2615.72       2293.08       2927.05        170395   6.76946e-07     0.0458037     0.0460398     0.0548524       13138.4
   2.66655e-07   1.36686e-05       2649.03       2324.01       2964.73        174897   6.71171e-07     0.0416533     0.0422443     0.0499418       12405.3
   2.81011e-07   1.43942e-05       2678.21       2350.92       2997.74        179136   6.41101e-07     0.0378962     0.0383312     0.0453609       11659.5
   2.95353e-07   1.51165e-05       2704.08        2374.7       3027.14        183141   6.37889e-07     0.0349389     0.0356082     0.0418932       11038.9
    3.0968e-07   1.58371e-05       2727.12       2395.42        3053.2        186933   6.41252e-07     0.0325256     0.0334656     0.0389044       10504.8
   3.23994e-07   1.65523e-05       2747.61       2413.78       3076.49        190526   6.37032e-07     0.0304772     0.0315973     0.0363963        9979.7
   3.38293e-07   1.72444e-05       2765.57       2429.98       3097.29        193925   6.21424e-07      0.028592     0.0298947     0.0338755       9441.77
    3.5258e-07   1.79331e-05       2781.57       2444.36       3115.99        197150   6.17244e-07     0.0272097     0.0285831     0.0320714       8988.44
   3.66853e-07   1.86185e-05       2795.86       2457.07       3132.82        200212   6.14004e-07     0.0261444     0.0276057     0.0305825       8565.58
   3.81113e-07   1.92993e-05       2808.62        2468.4       3147.97        203121   6.09924e-07     0.0252844     0.0267374     0.0293252       8173.33
    3.9536e-07   1.99766e-05       2820.04       2478.47       3161.68        205886   6.05753e-07     0.0245087     0.0259753     0.0281945       7806.69
   4.09595e-07   2.06509e-05       2830.24        2487.4       3174.08        208517    6.0292e-07     0.0240086     0.0253988     0.0273497       7463.83
   4.23817e-07   2.13205e-05       2839.36       2495.32       3185.33        211020   5.98141e-07     0.0234558     0.0248804     0.0265013       7143.76
   4.38028e-07   2.19859e-05       2847.55       2502.38       3195.58        213403   5.93882e-07     0.0230204     0.0244421     0.0257701        6844.5
   4.52226e-07   2.26313e-05       2854.74       2508.45        3204.6        215671   5.83847e-07     0.0227163     0.0239633     0.0253988       6541.52
   4.66413e-07   2.32713e-05       2861.33       2513.73       3212.74        217836   5.83751e-07     0.0223979     0.0240887     0.0250932       6298.97
   4.80588e-07    2.3909e-05       2867.17       2518.26       3220.23        219903   5.86448e-07     0.0225808     0.0239084     0.0247838       6081.69
   4.94752e-07   2.45432e-05       2872.44       2522.29       3227.11        221875    5.8238e-07     0.0223086     0.0235804     0.0242741       5842.95
   5.08904e-07   2.51725e-05       2877.21       2525.95       3233.47        223757   5.77783e-07     0.0220955     0.0232579     0.0238049       5623.98
   5.23046e-07   2.57979e-05       2881.53       2529.19       3239.36        225555   5.73774e-07     0.0219174     0.0230235     0.0234248       5417.12
   5.37177e-07   2.64183e-05       2885.47       2532.15       3244.82        227271   5.68896e-07     0.0216721      0.022721     0.0230155       5216.99
   5.51297e-07   2.70336e-05       2889.05        2534.8        3249.9        228912   5.64315e-07     0.0214484     0.0224431     0.0226546       5035.47
   5.65406e-07   2.76316e-05       2892.16       2536.87       3254.49        230482   5.57024e-07     0.0212243     0.0218878      0.022629       4864.14
   5.79505e-07   2.82251e-05       2894.98       2538.76       3258.78        231984   5.51534e-07     0.0209391     0.0215824     0.0221626       4690.37
   5.93588e-07   2.88132e-05       2897.57       2540.46       3262.74        233418   5.47022e-07     0.0207174     0.0213632     0.0218062       4531.83
   6.07655e-07   2.93976e-05       2899.96       2541.98       3266.46        234790   5.42634e-07     0.0205244     0.0211679     0.0214373       4379.52
   6.21705e-07   2.99784e-05       2902.16       2543.35       3269.97        236102   5.38484e-07     0.0203407     0.0209868     0.0211023       4235.18
    6.3574e-07   3.05543e-05       2904.21        2544.5       3273.29        237359   5.34863e-07     0.0201659     0.0208882     0.0208264       4111.05
   6.49759e-07   3.11256e-05       2906.07       2545.46        3276.4        238561   5.30864e-07     0.0201161       0.02075     0.0205711       3985.71
   6.63763e-07   3.16933e-05       2907.73       2546.32       3279.33        239712   5.26795e-07     0.0199276     0.0204898     0.0203059       3865.38
   6.77751e-07   3.22565e-05       2909.25       2547.11       3282.03        240814   5.22133e-07     0.0197721     0.0203011     0.0202012       3754.15
   6.91724e-07   3.28161e-05       2910.66       2547.83       3284.44        241869   5.18476e-07     0.0196559     0.0201362     0.0200087       3652.24
   7.05682e-07   3.33754e-05       2911.88       2548.48       3286.76        242887   5.19633e-07     0.0199263     0.0200251     0.0200151       3593.43
   7.19626e-07   3.39315e-05       2913.03       2549.11       3288.94        243861   5.15726e-07     0.0197028     0.0198317     0.0197719       3491.64
   7.33554e-07   3.44821e-05       2914.07       2549.73       3291.04        244795   5.10002e-07     0.0195244      0.019622     0.0194849       3394.53
   7.47469e-07   3.50289e-05       2915.06        2550.3       3293.06        245691   5.06037e-07     0.0193048     0.0194273      0.019231       3306.67
   7.61368e-07   3.55726e-05          2916       2550.79          3295        246552   5.02402e-07     0.0192186     0.0192991     0.0190236       3225.53
   7.75254e-07   3.61121e-05       2916.89       2551.25       3296.87        247379   4.98506e-07     0.0190396     0.0191124     0.0187975       3151.47
   7.89125e-07   3.66362e-05       2917.58       2551.51       3298.57        248173   4.85882e-07     0.0186881     0.0188003     0.0183887       3047.08
   8.02982e-07   3.71565e-05       2918.23       2551.74       3300.23        248934   4.82396e-07      0.018559     0.0187088     0.0183224       2986.06
   8.16826e-07   3.76733e-05       2918.74       2551.79       3301.89        249667   4.81084e-07     0.0188359     0.0190527     0.0181985       2973.11
   8.30656e-07   3.81864e-05       2919.26       2551.88        3303.5        250371   4.76365e-07     0.0185865     0.0187718     0.0179546        2897.8
   8.44472e-07   3.86933e-05       2919.77       2551.98        3305.1        251049   4.71997e-07     0.0184083     0.0184936     0.0176088       2830.58
   8.58274e-07   3.91966e-05       2920.27       2552.07       3306.65        251700   4.68427e-07     0.0182228     0.0183036     0.0174547       2771.59
   8.72064e-07   3.96967e-05       2920.77       2552.17       3308.15        252327   4.64858e-07     0.0180341     0.0181163      0.017267       2712.95
    8.8584e-07   4.01929e-05       2921.21       2552.26        3309.6        252929   4.61586e-07     0.0179581     0.0179537     0.0171092        2663.3
   8.99603e-07   4.06853e-05       2921.63       2552.35          3311        253508   4.58142e-07     0.0177554      0.017798     0.0169404       2613.06
   9.13354e-07   4.11745e-05       2922.04       2552.43       3312.36        254066   4.54733e-07      0.017576     0.0176388     0.0167637        2563.3
   9.27093e-07   4.16593e-05       2922.45       2552.52       3313.72        254605   4.51849e-07     0.0175122     0.0175006      0.016604       2526.46
   9.40819e-07   4.21423e-05       2922.73       2552.53       3315.02        255125   4.53363e-07     0.0176923     0.0175195     0.0165605       2495.76
   9.54533e-07   4.26188e-05       2923.27       2552.51       3316.19        255633   4.56451e-07      0.017575     0.0186231     0.0168719       2542.39
   9.68235e-07   4.30926e-05       2923.79        2552.5       3317.34        256122   4.53099e-07     0.0174202     0.0182963     0.0166742       2492.48
   9.81927e-07   4.35628e-05        2924.3       2552.51       3318.49        256593   4.49736e-07     0.0172812     0.0179961     0.0165413       2449.04
   9.95606e-07   4.40289e-05       2924.74       2552.53       3319.65        257048   4.46708e-07     0.0171922     0.0177831     0.0163764       2410.55
   1.00928e-06   4.44956e-05       2924.79        2552.5       3320.87        257483   4.44475e-07     0.0174407     0.0170947      0.016213       2352.59
   1.02293e-06   4.49588e-05       2925.05       2552.37       3321.82        257910   4.53791e-07      0.017516     0.0182398     0.0165607       2413.16
   1.03658e-06   4.54223e-05       2925.32       2552.33       3322.71        258325   4.53546e-07     0.0177011     0.0181243     0.0167012       2415.46
   1.05022e-06   4.58832e-05       2925.58        2552.3        3323.6        258726   4.50199e-07      0.017495     0.0178438     0.0164909       2372.29
   1.06385e-06   4.63381e-05       2925.95       2552.38       3324.64        259111   4.39881e-07     0.0171457     0.0170227     0.0161085       2299.54
   1.07744e-06   4.67884e-05       2926.29       2552.32       3325.43        259481    4.4037e-07     0.0169749     0.0176396     0.0159896       2277.77
   1.09101e-06   4.72352e-05       2926.62       2552.28       3326.23        259838   4.36629e-07     0.0167859     0.0173452     0.0158241       2241.45
   1.10456e-06   4.76682e-05       2926.81       2551.98       3326.86        260187   4.37616e-07     0.0169983     0.0173338     0.0164078       2285.05
   1.11807e-06   4.80981e-05       2927.01        2551.7       3327.51        260523   4.34162e-07     0.0167761     0.0170727     0.0161526       2243.98
   1.13156e-06   4.85208e-05       2927.11       2551.64       3328.06        260855   4.39626e-07     0.0179168     0.0169061      0.017112       2362.31
   1.14503e-06   4.89376e-05       2927.32       2551.67       3328.79        261174   4.29903e-07     0.0175134      0.016246     0.0166195       2283.44
   1.15847e-06   4.93545e-05       2927.45        2551.6       3329.38        261485   4.32837e-07     0.0173548     0.0166103     0.0164914       2270.24
   1.17188e-06   4.97686e-05       2927.59       2551.54       3329.99        261786   4.29339e-07      0.017094     0.0164287      0.016204       2227.38
   1.18527e-06   5.01799e-05       2927.75       2551.46       3330.61        262078   4.25995e-07     0.0168642     0.0162826     0.0159627          2189
   1.19863e-06   5.05849e-05       2928.02       2551.51       3331.38        262359   4.16565e-07     0.0165829     0.0156915     0.0156029       2125.53
   1.21197e-06   5.09896e-05       2928.19       2551.46       3331.98        262633   4.19429e-07     0.0164744     0.0160139      0.015533       2124.31
   1.22529e-06   5.13914e-05       2928.36       2551.44       3332.58        262899   4.15732e-07     0.0163225     0.0158968     0.0153347       2095.44
   1.23859e-06   5.17904e-05       2928.55       2551.41       3333.19        263156   4.12363e-07     0.0161278     0.0157113     0.0151461       2064.14
   1.25186e-06   5.21838e-05       2928.83        2551.5       3333.97        263405   4.03276e-07     0.0158842     0.0151522     0.0148407       2008.31
   1.26511e-06   5.25774e-05       2929.03       2551.49       3334.57        263648   4.05839e-07     0.0158082     0.0154631     0.0148047       2011.62
   1.27834e-06   5.29702e-05       2929.18       2551.43       3335.13        263883   4.08421e-07     0.0159074     0.0156597     0.0148328       2021.38
   1.29154e-06   5.33553e-05       2929.48       2551.54       3335.89        264111   3.93848e-07     0.0154266     0.0147899      0.014389       1934.24
   1.30473e-06   5.37425e-05       2929.63        2551.5       3336.44        264333   4.02367e-07     0.0156452     0.0154365     0.0145523        1977.6
   1.31789e-06   5.41269e-05       2929.79       2551.47          3337        264549   3.99329e-07     0.0154986     0.0152751     0.0144128       1953.72
   1.33103e-06   5.45056e-05       2930.05       2551.56        3337.7        264758   3.90939e-07     0.0152818     0.0147301     0.0141476       1902.92
   1.34415e-06   5.48848e-05       2930.21       2551.55       3338.24        264962   3.93319e-07     0.0152292     0.0150045     0.0141373       1910.73
   1.35726e-06   5.52615e-05       2930.37       2551.53       3338.78        265160   3.90371e-07     0.0151047     0.0148676     0.0140182       1889.74
   1.37034e-06   5.56325e-05       2930.54        2551.6       3339.46        265352   3.82511e-07     0.0150031     0.0144962     0.0137988       1849.58
    1.3834e-06   5.60029e-05       2930.65       2551.58       3339.98        265539   3.83429e-07     0.0149095     0.0146827     0.0137559       1849.29
   1.39645e-06   5.63708e-05       2930.78       2551.59        3340.5        265721   3.80602e-07     0.0147704     0.0145353     0.0136385       1830.03
   1.40947e-06   5.67331e-05       2931.02        2551.7       3341.16        265897   3.72662e-07     0.0145759     0.0140374     0.0134066       1783.59
   1.42248e-06    5.7096e-05       2931.16       2551.76       3341.67        266069   3.75077e-07     0.0145279      0.014346     0.0134165       1795.55
   1.43547e-06   5.74526e-05       2931.39       2551.86       3342.28        266237   3.67389e-07     0.0143441     0.0138135     0.0131851       1749.46
   1.44844e-06   5.78097e-05       2931.54       2551.92       3342.73        266401   3.69934e-07     0.0143198     0.0140963     0.0132075       1762.77
   1.46139e-06   5.81613e-05       2931.78       2552.06       3343.33        266560    3.6216e-07     0.0141303     0.0136388     0.0129813       1718.52
   1.47433e-06   5.85137e-05       2931.93       2552.14       3343.77        266716   3.64692e-07     0.0141043     0.0139189     0.0129966       1732.53
   1.48725e-06   5.88602e-05       2932.18       2552.26       3344.35        266868    3.5716e-07     0.0139169      0.013407      0.012792       1687.79
   1.50015e-06   5.92074e-05       2932.33       2552.27       3344.68        267021    3.6286e-07     0.0142598     0.0138662     0.0131423       1744.02
   1.51303e-06   5.95469e-05        2932.4       2552.15       3344.94        267170   3.67596e-07     0.0147384     0.0143585     0.0137969       1819.37
    1.5259e-06    5.9884e-05       2932.48       2552.04       3345.21        267316   3.65045e-07     0.0145228     0.0141947     0.0135541       1791.09
   1.53876e-06   6.02191e-05       2932.59          2552       3345.51        267458     3.624e-07     0.0143363     0.0140112     0.0133485       1764.94
   1.55159e-06   6.05523e-05       2932.72       2551.94       3345.83        267596   3.59909e-07     0.0141701     0.0138917     0.0131705       1741.52
   1.56441e-06   6.08834e-05       2932.85       2551.93       3346.16        267731   3.57354e-07     0.0140118     0.0137459     0.0130025        1719.8
   1.57722e-06   6.12126e-05       2933.01       2551.91        3346.5        267864   3.54889e-07      0.013869     0.0136243     0.0128531       1699.86
   1.59001e-06   6.15398e-05       2933.17       2551.93       3346.86        267993   3.52418e-07     0.0137374     0.0135021     0.0127209       1681.26
   1.60278e-06    6.1865e-05       2933.34       2551.93       3347.23        268120   3.50181e-07     0.0136264      0.013391     0.0125994       1664.28
   1.61554e-06   6.21885e-05       2933.52       2551.99        3347.6        268244   3.47762e-07     0.0134931     0.0132738      0.012477       1646.88
   1.62829e-06   6.25099e-05       2933.71       2552.02       3347.97        268365   3.45376e-07     0.0133729     0.0131723     0.0123575       1630.82
   1.64102e-06   6.28293e-05        2933.9       2552.07       3348.35        268483    3.4308e-07     0.0132762     0.0131003     0.0122522       1616.08
   1.65373e-06    6.3147e-05        2934.1       2552.14       3348.72        268599   3.40788e-07     0.0131705     0.0129755     0.0121584       1601.17
   1.66644e-06   6.34626e-05        2934.3       2552.19       3349.09        268713   3.38398e-07     0.0130552     0.0129018     0.0120516       1586.68
   1.67912e-06   6.37762e-05       2934.51       2552.29       3349.46        268824    3.3617e-07     0.0129701     0.0127929     0.0119596       1573.23
    1.6918e-06   6.40881e-05       2934.71       2552.36       3349.83        268933   3.34272e-07     0.0128895     0.0127314     0.0118997        1562.4
   1.70446e-06   6.43982e-05       2934.92       2552.46       3350.21        269040   3.31786e-07     0.0127835     0.0126304      0.011788       1547.83
   1.71711e-06   6.47064e-05       2935.13       2552.54       3350.58        269145   3.29673e-07     0.0126864     0.0125598     0.0117114       1536.26
   1.72974e-06   6.50127e-05       2935.35       2552.65       3350.95        269248    3.2756e-07     0.0126227     0.0124756     0.0116257       1524.78
   1.74236e-06   6.53172e-05       2935.55       2552.75       3351.32        269349   3.25369e-07      0.012528     0.0124017     0.0115419       1513.48
   1.75497e-06   6.56198e-05       2935.76       2552.82       3351.69        269448   3.23289e-07       0.01246      0.012346     0.0114686       1501.73
   1.76757e-06   6.59197e-05       2935.96       2552.91       3352.02        269545   3.21499e-07     0.0123721     0.0122351     0.0114075       1490.76
   1.78015e-06   6.62179e-05       2936.17       2553.02       3352.35        269641   3.19177e-07     0.0122677     0.0121429     0.0113004       1477.59
   1.79272e-06   6.65142e-05       2936.37       2553.14       3352.68        269734   3.17149e-07     0.0122031     0.0120464     0.0112237       1467.56
   1.80528e-06   6.68088e-05       2936.56       2553.25       3353.01        269826   3.15608e-07     0.0121614     0.0120429     0.0111617       1462.09
   1.81783e-06   6.71017e-05       2936.76       2553.39       3353.34        269917   3.13265e-07     0.0120763     0.0119233     0.0110747       1448.75
   1.83037e-06    6.7393e-05       2936.96       2553.48       3353.66        270006    3.1148e-07     0.0119896     0.0118168      0.011008       1438.11
   1.84289e-06   6.76825e-05       2937.16       2553.63       3353.99        270093   3.09351e-07     0.0118967     0.0117244      0.010922        1426.4
    1.8554e-06   6.79701e-05       2937.37       2553.76       3354.33        270180   3.07423e-07      0.011831     0.0116708     0.0108676       1416.68
    1.8679e-06   6.82558e-05       2937.58       2553.89       3354.67        270265   3.05784e-07      0.011766     0.0116014     0.0108148       1408.74
    1.8804e-06   6.85398e-05       2937.79          2554       3355.01        270348   3.03718e-07     0.0116767     0.0115336     0.0107308       1397.27
   1.89288e-06   6.88218e-05       2937.99       2554.13       3355.33        270429   3.02116e-07     0.0116144     0.0115059     0.0106785       1389.61
   1.90534e-06   6.90995e-05       2937.98       2554.19       3355.66        270511   2.97104e-07     0.0115205     0.0113806     0.0104578       1362.75
    1.9178e-06   6.93753e-05          2938       2554.27       3355.97        270591   2.95298e-07     0.0114493       0.01135     0.0103956       1354.04
   1.93025e-06   6.96495e-05       2938.04       2554.36       3356.28        270670   2.93576e-07     0.0113755     0.0112321     0.0103453       1344.75
   1.94269e-06   6.99222e-05        2938.1       2554.46       3356.59        270748   2.91592e-07     0.0112836     0.0111327     0.0102608       1334.72
   1.95512e-06   7.01926e-05       2938.17       2554.55       3356.89        270824   2.90453e-07     0.0112343     0.0111938     0.0103072       1335.14
   1.96753e-06   7.04612e-05       2938.24       2554.62       3357.16        270899   2.88613e-07     0.0111718     0.0111426     0.0102302       1325.09
   1.97993e-06   7.07284e-05       2938.34       2554.73       3357.46        270973   2.86746e-07      0.011074     0.0110091     0.0101313       1314.35
   1.99233e-06     7.099e-05       2938.32       2554.75       3357.67        271047   2.88105e-07     0.0114595     0.0111299     0.0107788       1365.73
   2.00471e-06    7.1254e-05       2938.45       2554.85       3357.97        271118   2.83277e-07     0.0109593     0.0108665     0.0100193       1298.64
   2.01708e-06   7.15163e-05       2938.58       2554.96       3358.25        271188   2.81868e-07     0.0109205     0.0108123     0.0100958       1293.74
   2.02944e-06   7.17734e-05        2938.6          2555       3358.48        271259   2.82698e-07     0.0111788     0.0108803     0.0103632       1329.89
   2.04178e-06   7.20306e-05       2938.76       2555.15       3358.77        271326   2.75097e-07     0.0106795     0.0105979     0.0098001       1257.97
   2.05412e-06   7.22864e-05       2938.93        2555.3       3359.06        271393   2.73438e-07     0.0105973     0.0105173    0.00980876       1250.42
   2.06645e-06    7.2539e-05       2938.95       2555.27       3359.23        271464    2.8336e-07     0.0112915     0.0110556     0.0110203       1385.08
   2.07876e-06   7.27886e-05          2939       2555.27       3359.41        271534   2.80268e-07     0.0110453     0.0109755     0.0108761       1358.05
   2.09107e-06   7.30373e-05       2939.06       2555.29        3359.6        271603   2.78625e-07      0.010929     0.0108627     0.0107187       1339.26
   2.10337e-06   7.32847e-05       2939.16        2555.3       3359.81        271670   2.76095e-07     0.0107716     0.0106994      0.010428       1310.06
   2.11565e-06   7.35309e-05       2939.25       2555.33          3360        271737   2.74284e-07     0.0106576     0.0105916      0.010255          1293
   2.12793e-06   7.37749e-05       2939.35        2555.4       3360.17        271801   2.72788e-07     0.0106586     0.0105181     0.0102845        1295.8
    2.1402e-06   7.40177e-05       2939.48       2555.48       3360.35        271865     2.712e-07     0.0105597     0.0104337     0.0101201       1280.58
   2.15245e-06   7.42591e-05       2939.59       2555.57       3360.56        271929    2.6966e-07     0.0104877     0.0103506    0.00993758       1265.63
    2.1647e-06   7.44992e-05        2939.7       2555.65       3360.74        271991   2.68296e-07     0.0104091      0.010293     0.0098501       1254.56
   2.17694e-06   7.47383e-05       2939.81       2555.75       3360.94        272052   2.66684e-07     0.0103303     0.0102111     0.0098028       1243.69
   2.18917e-06    7.4976e-05       2939.93       2555.85       3361.14        272113   2.65371e-07     0.0102812     0.0101674    0.00972509       1234.58
   2.20139e-06   7.52126e-05       2940.06       2555.95       3361.36        272173   2.63512e-07     0.0101681     0.0100706    0.00956141       1220.88
    2.2136e-06   7.54479e-05       2940.18       2556.06       3361.56        272232   2.62186e-07     0.0101042     0.0100131    0.00948893       1212.04
   2.22581e-06   7.56821e-05       2940.31       2556.17       3361.76        272290   2.60809e-07     0.0100534    0.00996172    0.00949697       1204.95
     2.238e-06   7.59151e-05       2940.39       2556.27       3361.98        272347   2.59532e-07    0.00999442     0.0100098    0.00938011       1198.41
   2.25018e-06   7.61472e-05       2940.48       2556.37       3362.22        272403   2.58113e-07    0.00992018    0.00994163    0.00927498       1188.06
   2.26236e-06    7.6378e-05       2940.57       2556.47       3362.43        272458   2.56822e-07    0.00986425    0.00991454    0.00923561       1180.66
   2.27453e-06   7.66076e-05       2940.66       2556.59       3362.65        272511   2.55529e-07    0.00977509    0.00981066    0.00916752       1169.95
   2.28669e-06    7.6837e-05       2940.79       2556.73       3362.83        272566   2.56785e-07    0.00992314    0.00976576    0.00946363       1183.07
   2.29884e-06   7.70645e-05       2940.88       2556.84       3363.05        272619    2.5277e-07    0.00963396    0.00966502    0.00907152       1153.05
   2.31099e-06   7.72916e-05       2941.02       2556.98       3363.24        272673   2.54045e-07    0.00975493    0.00963085     0.0092211       1162.96
   2.32312e-06   7.75175e-05       2941.14       2557.11       3363.42        272726   2.52752e-07      0.009694    0.00958573    0.00915468       1154.54
   2.33525e-06   7.77416e-05       2941.25       2557.23       3363.63        272776   2.48987e-07    0.00946698    0.00951454     0.0088994       1133.08
   2.34737e-06   7.79654e-05       2941.38       2557.37       3363.82        272828   2.50239e-07    0.00959431    0.00948344    0.00909268       1140.77
   2.35949e-06   7.81879e-05       2941.51        2557.5       3363.99        272878   2.49169e-07    0.00953712    0.00944414    0.00901927       1133.67
   2.37159e-06   7.84083e-05       2941.63       2557.63       3364.21        272927   2.45047e-07    0.00930508    0.00938569    0.00873841       1113.81
   2.38369e-06   7.86284e-05       2941.77       2557.77       3364.39        272976    2.4637e-07    0.00941762    0.00935627    0.00886594       1118.66
   2.39578e-06   7.88472e-05        2941.9       2557.91       3364.56        273025   2.44942e-07    0.00934279    0.00929455    0.00879569       1109.85
   2.40787e-06   7.90641e-05       2942.02       2558.04       3364.77        273072   2.41108e-07    0.00915258    0.00922024    0.00868575       1095.31
   2.41995e-06   7.92803e-05       2942.17       2558.17       3364.94        273119   2.42663e-07    0.00926796    0.00928934    0.00878726       1100.66
   2.43202e-06   7.94955e-05       2942.31       2558.29       3365.11        273166   2.41394e-07    0.00919822    0.00924835    0.00866041       1095.47
   2.44408e-06   7.97095e-05       2942.44        2558.4       3365.27        273213   2.40293e-07    0.00915565    0.00918928    0.00862519       1088.89
   2.45614e-06   7.99207e-05       2942.56       2558.48       3365.46        273256   2.36463e-07    0.00898745    0.00913085     0.0085187       1078.18
   2.46819e-06   8.01322e-05       2942.69       2558.59       3365.62        273301   2.37799e-07    0.00908489    0.00907351    0.00859883       1077.51
   2.48023e-06   8.03421e-05       2942.84       2558.73       3365.79        273346   2.36463e-07    0.00900921    0.00899862    0.00851812        1069.3
   2.49227e-06   8.05507e-05       2942.98       2558.84       3365.96        273390   2.35302e-07    0.00900437    0.00899802    0.00845358       1063.09
    2.5043e-06   8.07585e-05       2943.16       2558.98       3366.14        273433   2.33839e-07     0.0088969    0.00890225    0.00837405       1053.64
   2.51633e-06   8.09641e-05       2943.31       2559.08       3366.29        273476   2.32567e-07    0.00886246    0.00887357    0.00833233       1047.62
   2.52835e-06   8.11681e-05       2943.45       2559.21       3366.49        273516   2.28997e-07    0.00869442    0.00878691    0.00832618        1040.8
   2.54036e-06   8.13723e-05       2943.61       2559.32       3366.65        273557   2.30464e-07    0.00881786    0.00889222    0.00831138       1044.41
   2.55237e-06   8.15749e-05       2943.79       2559.45       3366.84        273599   2.29219e-07    0.00885812    0.00883548    0.00822968       1036.55
   2.56437e-06   8.17759e-05       2943.93       2559.54          3367        273640   2.27975e-07     0.0087646     0.0087389    0.00819305        1028.7
   2.57638e-06   8.19769e-05       2944.08       2559.65       3367.17        273680   2.27146e-07    0.00871419    0.00869472    0.00816353       1024.36
   2.58839e-06   8.21763e-05       2944.26       2559.77       3367.33        273720   2.26031e-07    0.00864607    0.00861072    0.00816612       1018.15
   2.60041e-06   8.23745e-05       2944.41       2559.87        3367.5        273758   2.25354e-07    0.00862584    0.00868462    0.00813278       1018.26
   2.61242e-06   8.25727e-05       2944.57       2560.01       3367.68        273798   2.23747e-07    0.00851929    0.00852163    0.00800017       1003.65
   2.62444e-06   8.27689e-05       2944.74       2560.12       3367.84        273836   2.22954e-07    0.00849208    0.00849527    0.00801746       1000.16
   2.63647e-06   8.29641e-05       2944.89       2560.22       3367.99        273873   2.22139e-07    0.00848864    0.00855029    0.00797035       1000.67
   2.64849e-06   8.31574e-05       2945.01       2560.31       3368.19        273908   2.18549e-07    0.00834846     0.0084043    0.00802674       994.256
   2.66052e-06   8.33518e-05       2945.17       2560.45       3368.34        273944   2.19854e-07    0.00836181    0.00834046    0.00791178       984.779
   2.67255e-06   8.35441e-05       2945.33       2560.55       3368.52        273980   2.19267e-07    0.00838762     0.0084676    0.00788384       986.878
   2.68458e-06   8.37355e-05       2945.47       2560.65       3368.64        274015   2.18227e-07    0.00838418    0.00838067    0.00791374       981.293
   2.69661e-06    8.3927e-05       2945.64        2560.8       3368.77        274050   2.17154e-07    0.00828617    0.00827492    0.00784584       971.757
   2.70865e-06   8.41165e-05       2945.78       2560.91        3368.9        274085   2.15964e-07     0.0082477    0.00822513    0.00780341       966.323
   2.72068e-06   8.43051e-05       2945.95       2561.04       3369.04        274119   2.15448e-07     0.0082055    0.00821376    0.00779505       963.476
   2.73272e-06   8.44936e-05       2946.12       2561.19       3369.19        274153   2.14784e-07    0.00818411    0.00823162    0.00767498       963.128
   2.74476e-06   8.46804e-05       2946.27       2561.29       3369.33        274187   2.13468e-07     0.0081745    0.00822692    0.00764355       957.252
    2.7568e-06   8.48648e-05       2946.44       2561.39       3369.47        274219     2.141e-07    0.00811247    0.00814613    0.00777148       961.481
   2.76885e-06   8.50499e-05        2946.6       2561.54       3369.61        274252   2.11707e-07    0.00805752    0.00810353    0.00758956        947.39
   2.78089e-06   8.52343e-05       2946.76       2561.67       3369.75        274284   2.11161e-07    0.00807775    0.00820449    0.00764426       949.931
   2.79294e-06   8.54181e-05        2946.9       2561.78       3369.88        274317   2.09381e-07    0.00796064    0.00800863    0.00754794       933.995
   2.80499e-06   8.56001e-05       2947.06       2561.92       3370.03        274349   2.08078e-07    0.00788004    0.00788442    0.00743101       924.058
   2.81704e-06   8.57813e-05       2947.22       2562.06       3370.16        274381   2.07487e-07     0.0078701     0.0078762      0.007449       921.971
   2.82909e-06   8.59619e-05       2947.38       2562.21        3370.3        274412   2.06605e-07    0.00783134    0.00786028    0.00741166        919.43
   2.84114e-06   8.61407e-05       2947.53       2562.32       3370.45        274442   2.06955e-07    0.00779666    0.00778738     0.0075602       923.133
   2.85319e-06   8.63193e-05       2947.69       2562.47       3370.59        274473   2.04242e-07    0.00772393    0.00772589    0.00734335       907.566
   2.86524e-06   8.64968e-05       2947.86        2562.6       3370.75        274504    2.0322e-07    0.00774506    0.00776245    0.00724401       904.176
    2.8773e-06   8.66734e-05       2948.01       2562.71       3370.89        274534   2.02335e-07     0.0076885     0.0077176    0.00721483       899.251
   2.88936e-06   8.68497e-05       2948.18       2562.82       3371.03        274564   2.01462e-07    0.00764234     0.0076743    0.00721439       896.179
   2.90141e-06   8.70246e-05       2948.34       2562.96       3371.17        274594   2.00556e-07    0.00763228    0.00767653    0.00720453       894.992
   2.91347e-06   8.71989e-05       2948.51       2563.11       3371.32        274623   1.99844e-07    0.00760532    0.00766945     0.0071733       893.336
   2.92553e-06   8.73707e-05        2948.7        2563.2       3371.48        274652   2.00875e-07    0.00758058    0.00766135    0.00725699       900.342
   2.93759e-06   8.75438e-05       2948.86       2563.35       3371.63        274681   1.97939e-07    0.00753758    0.00773392    0.00708797       885.239
   2.94965e-06   8.77152e-05          2949       2563.52       3371.78        274709   1.97355e-07    0.00759127    0.00767802     0.0070713       883.979
   2.96171e-06    8.7886e-05       2949.16       2563.68       3371.93        274738   1.96673e-07     0.0075594    0.00761628    0.00710913       881.168
   2.97377e-06    8.8056e-05        2949.3       2563.86       3372.07        274766   1.95581e-07    0.00744283    0.00749664    0.00703022        871.17
   2.98583e-06   8.82258e-05       2949.45       2564.01       3372.22        274794   1.94551e-07    0.00740999    0.00746329    0.00702343       868.121
    2.9979e-06   8.83927e-05        2949.6       2564.14       3372.38        274821   1.95813e-07    0.00743126    0.00751518    0.00708468       879.181
   3.00996e-06   8.85596e-05       2949.73        2564.3       3372.54        274849   1.92216e-07    0.00730823    0.00736734    0.00685398       856.771
   3.02202e-06   8.87253e-05       2949.87       2564.45       3372.69        274876   1.91602e-07    0.00729956    0.00736715    0.00686123       854.701
   3.03409e-06   8.88905e-05       2950.02       2564.61       3372.83        274903   1.90873e-07    0.00731907    0.00729025    0.00691968       852.216
   3.04615e-06   8.90542e-05       2950.16       2564.77       3372.96        274929    1.8996e-07    0.00725775    0.00724853    0.00684349       846.885
   3.05822e-06   8.92126e-05       2950.08       2564.92       3373.09        274960   2.09867e-07     0.0101399    0.00803051    0.00938604       1187.57
   3.07028e-06   8.93744e-05       2950.24       2565.07        3373.2        274986   1.88362e-07    0.00720378    0.00719645    0.00676651       841.095
   3.08235e-06    8.9534e-05       2950.41       2565.18       3373.34        275011   1.89707e-07     0.0072407     0.0072776    0.00692902       853.953
   3.09442e-06    8.9696e-05       2950.51       2565.31       3373.47        275035   1.89928e-07    0.00745229    0.00708654    0.00682299       850.066
   3.10648e-06   8.98569e-05       2950.61       2565.44        3373.6        275060   1.89091e-07    0.00740855    0.00715602    0.00677201       849.647
   3.11855e-06   9.00169e-05       2950.74       2565.59       3373.75        275084    1.8765e-07    0.00733795    0.00701006    0.00669971       837.849
   3.13061e-06   9.01756e-05       2950.84        2565.7       3373.86        275107   1.87201e-07     0.0072849    0.00710255    0.00666636       838.502
   3.14268e-06   9.03345e-05       2950.95       2565.84       3373.98        275131   1.86013e-07    0.00717476    0.00693952    0.00661874       827.426
   3.15475e-06   9.04869e-05       2951.17       2566.07       3374.08        275149   2.00012e-07    0.00836423    0.00835005    0.00747536       1029.06
   3.16681e-06   9.06431e-05       2951.28       2566.19        3374.2        275171    1.8424e-07    0.00711532    0.00688002    0.00662452       820.251
   3.17888e-06   9.07918e-05       2951.18       2566.35       3374.28        275194   2.04019e-07    0.00989628    0.00778483    0.00933116       1177.53
   3.19095e-06   9.09443e-05       2951.36       2566.55       3374.38        275213   1.81957e-07     0.0069757    0.00683721    0.00675342        833.83
   3.20302e-06   9.10967e-05        2951.5       2566.72       3374.48        275231   1.81348e-07    0.00692829    0.00692184    0.00666524       829.904
   3.21509e-06   9.12479e-05       2951.64        2566.9       3374.57        275250   1.80172e-07    0.00682881    0.00677535    0.00662775       815.653
   3.22717e-06   9.13962e-05       2951.83       2567.06       3374.64        275267   1.93758e-07    0.00809131    0.00823183    0.00723938       997.627
   3.23924e-06   9.15444e-05       2951.98       2567.15       3374.75        275285   1.80634e-07    0.00681592     0.0068263    0.00671094       819.409
   3.25132e-06   9.16868e-05       2951.92       2567.55       3374.71        275309   2.04868e-07     0.0101677    0.00737201    0.00931925       1142.66
    3.2634e-06   9.18336e-05       2952.05       2567.55        3374.8        275326   1.78614e-07    0.00689952    0.00697478     0.0066097       818.082
   3.27548e-06   9.19801e-05       2952.21       2567.58       3374.91        275344   1.77428e-07    0.00680434    0.00687067    0.00654224       806.956
   3.28756e-06   9.21224e-05       2952.41       2567.76       3374.96        275357   1.89505e-07    0.00783038    0.00795813    0.00707877       972.747
   3.29964e-06   9.22555e-05       2952.13        2568.1       3374.94        275384   2.21837e-07     0.0120392    0.00789998     0.0111184       1377.02
   3.31173e-06    9.2401e-05       2952.28        2568.1       3375.04        275402   1.75094e-07    0.00686165    0.00686061    0.00650024       800.449
   3.32381e-06   9.25451e-05       2952.42       2568.12       3375.16        275419   1.73702e-07    0.00668915    0.00670611    0.00636473       787.214
    3.3359e-06   9.26885e-05       2952.59       2568.15       3375.29        275436   1.73468e-07    0.00666515     0.0066956    0.00642909       785.622
   3.34798e-06   9.28211e-05       2952.62       2568.65       3375.22        275455   2.09721e-07     0.0103671    0.00803023    0.00928986       1209.16
   3.36007e-06   9.29629e-05       2952.78       2568.63       3375.38        275472   1.71971e-07    0.00663326     0.0066948    0.00632398       780.425
   3.37216e-06   9.31036e-05       2952.93       2568.62        3375.5        275487   1.72935e-07    0.00658184    0.00663432     0.0064426       784.292
   3.38424e-06   9.32471e-05       2952.98       2568.62       3375.63        275507   1.72408e-07    0.00670881    0.00671219    0.00670499       834.976
   3.39633e-06   9.33854e-05       2953.14        2568.6       3375.75        275521   1.71536e-07    0.00648542    0.00654995    0.00643944       773.673
   3.40842e-06   9.35136e-05        2952.9       2569.11       3375.72        275547   2.27173e-07     0.0124645    0.00874546     0.0113573       1478.19
   3.42052e-06   9.36538e-05       2953.01       2569.05        3375.9        275565   1.72304e-07    0.00669502    0.00675278    0.00662255       822.691
   3.43261e-06    9.3794e-05       2953.11       2569.09       3376.05        275583   1.70508e-07    0.00657855    0.00668952     0.0064856       803.707
    3.4447e-06   9.39332e-05       2953.25       2569.11       3376.23        275600   1.70286e-07    0.00655205    0.00666719    0.00650511       798.237
   3.45679e-06   9.40678e-05       2953.44       2569.29       3376.36        275613   1.82769e-07     0.0075888    0.00774796    0.00697586       958.764
   3.46889e-06    9.4199e-05       2953.36       2569.63       3376.36        275636   1.94608e-07    0.00948517    0.00686312    0.00879432       1074.81
   3.48098e-06   9.43369e-05       2953.48       2569.65       3376.54        275654    1.6653e-07    0.00648014    0.00654769    0.00625802       780.437
   3.49308e-06   9.44738e-05       2953.61       2569.67       3376.66        275669   1.67189e-07    0.00641252    0.00650793    0.00629938       773.637
   3.50517e-06   9.46091e-05       2953.73       2569.68       3376.82        275684    1.6713e-07    0.00644378    0.00652306    0.00632333       770.826
   3.51727e-06   9.47349e-05       2953.77       2570.17       3376.81        275703   2.03686e-07     0.0100933    0.00785296    0.00904223       1182.88
   3.52936e-06   9.48693e-05       2953.89       2570.16       3376.97        275718   1.65075e-07    0.00639314    0.00648659    0.00613938       763.145
   3.54146e-06   9.50004e-05        2953.8       2570.17       3377.09        275737    1.8662e-07    0.00938446    0.00726701    0.00886148       1112.41
   3.55355e-06   9.51339e-05       2953.96       2570.19       3377.23        275753   1.63556e-07    0.00635068    0.00638111    0.00613039       754.828
   3.56564e-06   9.52617e-05       2954.18       2570.32       3377.35        275762   1.76409e-07    0.00742422    0.00760643    0.00663808       926.699
   3.57773e-06   9.53879e-05       2954.13       2570.71       3377.32        275783   1.88235e-07    0.00928617    0.00666197    0.00855431       1042.57
   3.58982e-06   9.55181e-05       2954.29       2570.68       3377.49        275797   1.61512e-07    0.00623721    0.00634065    0.00609627       746.663
   3.60191e-06   9.56482e-05       2954.41       2570.68        3377.6        275809    1.6051e-07    0.00619421    0.00626906    0.00601004       736.748
   3.61399e-06   9.57734e-05       2954.66       2570.82       3377.72        275818   1.75001e-07    0.00739319    0.00749664    0.00663488        913.69
   3.62608e-06   9.59028e-05       2954.77       2570.85       3377.83        275831   1.58345e-07    0.00614623    0.00623685    0.00589706       728.078
   3.63816e-06   9.60244e-05       2954.74       2571.18       3377.82        275851   1.85794e-07    0.00911423    0.00647294    0.00848766          1024
   3.65025e-06   9.61529e-05       2954.86       2571.19       3377.94        275864   1.57134e-07    0.00612941    0.00634612    0.00591852       731.108
   3.66233e-06   9.62719e-05       2954.85       2571.34       3378.01        275876    1.9247e-07    0.00991829    0.00803238    0.00899214       1203.99
   3.67441e-06    9.6397e-05       2955.03       2571.34       3378.18        275889   1.59876e-07    0.00611208    0.00648452    0.00596846       732.336
   3.68649e-06   9.65236e-05       2955.21        2571.4       3378.32        275903   1.58211e-07    0.00610631    0.00640172    0.00596656       725.211
   3.69857e-06   9.66476e-05       2955.35       2571.38       3378.46        275916   1.57998e-07     0.0059866    0.00639255    0.00584205       715.184
   3.71065e-06   9.67625e-05       2955.37       2571.84       3378.39        275930   1.96295e-07    0.00995256    0.00774577    0.00886964       1150.41
   3.72272e-06   9.68868e-05       2955.51       2571.84       3378.51        275943   1.56418e-07    0.00615966     0.0063116    0.00589945       719.876
    3.7348e-06    9.7009e-05       2955.63       2571.83       3378.62        275954    1.5693e-07    0.00617703    0.00623878    0.00601923       717.799
   3.74687e-06   9.71285e-05       2955.88       2571.98       3378.73        275963   1.69026e-07    0.00713734     0.0073566    0.00639819       880.465
   3.75895e-06   9.72499e-05       2955.98       2571.97       3378.83        275974   1.55538e-07     0.0060452    0.00617147    0.00581054       709.822
   3.77102e-06   9.73638e-05       2955.93       2572.28       3378.81        275991   1.81983e-07    0.00904233    0.00639347    0.00834662        1005.4
   3.78309e-06   9.74844e-05       2956.04       2572.29       3378.91        276002   1.52915e-07    0.00595019      0.006033    0.00581912       697.304
   3.79516e-06   9.76003e-05       2956.26        2572.4          3379        276008   1.68271e-07    0.00708211    0.00722819    0.00642453       874.287
   3.80723e-06   9.77157e-05       2956.16       2572.41        3379.1        276026   1.75212e-07    0.00904754    0.00685548    0.00850251       1066.29
    3.8193e-06   9.78319e-05       2956.29       2572.39       3379.18        276037   1.52758e-07    0.00592195    0.00602597    0.00593721       699.635
   3.83136e-06   9.79494e-05        2956.4       2572.42       3379.26        276049   1.50461e-07    0.00584625    0.00590473    0.00575123       686.159
   3.84343e-06   9.80563e-05       2956.45        2572.9       3379.19        276063   1.90403e-07    0.00971448    0.00727292    0.00872641       1120.01
    3.8555e-06   9.81711e-05       2956.57       2572.85       3379.28        276074   1.50741e-07    0.00597804    0.00608406    0.00574121        696.86
   3.86756e-06   9.82857e-05       2956.68       2572.87       3379.34        276084   1.48886e-07    0.00585414    0.00585199    0.00577733       680.024
   3.87962e-06   9.83976e-05          2957       2573.08       3379.45        276091   1.64557e-07     0.0068669    0.00694258     0.0063303       852.089
   3.89169e-06   9.85121e-05       2957.15       2573.17       3379.52        276101   1.49553e-07    0.00586681     0.0059832    0.00578459       683.097
   3.90375e-06   9.86249e-05       2957.31       2573.25       3379.63        276109   1.48549e-07    0.00570346    0.00582259    0.00565058       671.844
   3.91581e-06    9.8732e-05       2957.28       2573.68       3379.58        276126   1.77709e-07    0.00903256    0.00610775    0.00838746       1001.35
   3.92787e-06   9.88407e-05       2957.55       2573.89       3379.66        276130   1.61462e-07    0.00682293    0.00690421    0.00625573       840.952
   3.93993e-06   9.89531e-05       2957.71       2573.96       3379.76        276140   1.45937e-07    0.00565373     0.0057096    0.00551459       661.206
   3.95198e-06   9.90597e-05       2957.61       2573.98       3379.81        276152   1.71453e-07    0.00889788    0.00665722    0.00848339       1050.13
   3.96404e-06   9.91679e-05       2957.89       2574.21       3379.91        276158   1.59395e-07     0.0066968    0.00675901    0.00608074       828.307
    3.9761e-06   9.92775e-05       2958.02       2574.25       3379.98        276166   1.45677e-07    0.00559481    0.00564844    0.00550127       660.749
   3.98815e-06    9.9382e-05       2957.96       2574.62       3379.92        276181   1.74326e-07    0.00902411    0.00595624    0.00818105       989.448
   4.00021e-06   9.94877e-05       2958.21       2574.78       3379.98        276184   1.58386e-07    0.00664495    0.00669798    0.00615465       822.956
   4.01226e-06   9.95951e-05       2958.32       2574.74       3380.08        276191   1.44646e-07    0.00561065    0.00572055     0.0055182       659.448
   4.02431e-06   9.97034e-05       2958.44       2574.78       3380.13        276198   1.42883e-07    0.00563702    0.00563532    0.00543368       649.907
   4.03636e-06   9.98099e-05       2958.53       2574.78       3380.21        276205   1.42896e-07    0.00554289    0.00552796    0.00547861       646.116
   4.04842e-06   9.99142e-05       2958.72       2574.98       3380.25        276208   1.56004e-07    0.00662137    0.00665706    0.00594642       812.682
   4.06047e-06   0.000100014       2958.65        2575.3       3380.23        276222    1.7225e-07    0.00890772    0.00582445    0.00806252        978.12
   4.07252e-06    0.00010012       2958.72       2575.32       3380.27        276228   1.41037e-07    0.00559072    0.00558861    0.00539095       641.167
   4.08456e-06   0.000100218       2958.68       2575.44       3380.31        276235   1.77803e-07    0.00946516     0.0073802    0.00866832       1141.16
   4.09661e-06   0.000100323       2958.81       2575.45        3380.4        276242   1.40182e-07    0.00554681    0.00558153    0.00569452       650.312
   4.10866e-06   0.000100426        2958.9       2575.45       3380.49        276248   1.40826e-07    0.00557092    0.00567065    0.00565168       650.739
   4.12071e-06   0.000100527        2959.1       2575.62       3380.51        276251   1.53265e-07    0.00650746    0.00655472    0.00619488       803.964
   4.13275e-06   0.000100624       2959.01       2575.95       3380.48        276263   1.69471e-07     0.0088372    0.00574853    0.00808752       971.605
    4.1448e-06   0.000100727       2959.08       2575.92       3380.54        276269   1.39277e-07    0.00558357    0.00581977    0.00560881       652.546
   4.15684e-06   0.000100825       2959.27       2576.06        3380.6        276270   1.51695e-07    0.00642709    0.00650734    0.00600105       794.229
   4.16889e-06   0.000100927       2959.33       2576.05       3380.65        276275   1.37094e-07     0.0054242    0.00541924    0.00546877       631.546
   4.18093e-06   0.000101028       2959.44       2576.03       3380.79        276281   1.36736e-07    0.00534606    0.00537347    0.00530062        625.96
   4.19297e-06   0.000101125       2959.63        2576.2       3380.81        276283   1.49938e-07    0.00639077    0.00648373    0.00592952        784.85
   4.20502e-06   0.000101224       2959.69       2576.19       3380.89        276287   1.35878e-07    0.00530145    0.00537195    0.00540513        623.25
   4.21706e-06    0.00010132       2959.61       2576.54       3380.83        276299   1.65305e-07    0.00875065    0.00553598    0.00790962       954.308
    4.2291e-06   0.000101414       2959.49       2576.52       3380.88        276307   1.60575e-07     0.0085989    0.00623227    0.00818503        1015.2
   4.24114e-06   0.000101511       2959.67       2576.66       3380.92        276308    1.4842e-07    0.00643136    0.00655842    0.00595258       791.206
   4.25318e-06   0.000101608       2959.77       2576.64       3380.98        276312   1.33896e-07     0.0052636    0.00533688    0.00537706       619.429
   4.26522e-06   0.000101705       2959.87       2576.64       3381.07        276317   1.34685e-07    0.00524032     0.0053405    0.00519773       610.082
   4.27726e-06   0.000101799       2960.02       2576.77       3381.09        276316   1.47788e-07    0.00634368    0.00636725    0.00582272       779.092
   4.28929e-06   0.000101894       2960.09       2576.76       3381.15        276320   1.33996e-07    0.00526388     0.0054143    0.00528421       610.974
   4.30133e-06   0.000101984       2959.98       2577.07       3381.08        276329   1.64282e-07    0.00874982    0.00553078    0.00793778       950.381
   4.31337e-06   0.000102078       2960.17       2577.22       3381.13        276329   1.45166e-07    0.00627122    0.00632677    0.00573165       768.119
   4.32541e-06   0.000102171       2960.26       2577.17        3381.2        276332   1.33556e-07     0.0052704    0.00531172    0.00523816       610.392
   4.33744e-06   0.000102266       2960.46       2577.24       3381.26        276332   1.42485e-07    0.00641418    0.00568544    0.00651736       741.326
   4.34948e-06   0.000102358       2960.64       2577.35       3381.35        276333   1.45184e-07     0.0062436    0.00633768    0.00579424        766.07
   4.36151e-06   0.000102452       2960.68       2577.36       3381.38        276336   1.28887e-07    0.00509204    0.00507548    0.00501576        591.78
   4.37355e-06   0.000102543       2960.73       2577.31       3381.42        276338   1.31991e-07    0.00518933    0.00534481    0.00534919       602.123
   4.38558e-06   0.000102626       2960.49       2577.83       3381.31        276349   1.92815e-07     0.0115044    0.00720873     0.0102979       1322.44
   4.39762e-06   0.000102718       2960.59       2577.76       3381.37        276351   1.28745e-07    0.00510951    0.00515079    0.00515548       601.444
   4.40965e-06   0.000102809       2960.65       2577.75       3381.42        276354   1.29584e-07    0.00520404    0.00534418    0.00517996       598.552
   4.42168e-06   0.000102897       2960.97       2577.96       3381.46        276349   1.53345e-07    0.00715087    0.00655764    0.00686282       868.432
   4.43372e-06    0.00010299       2961.04       2577.97       3381.52        276353   1.27221e-07    0.00516056    0.00520907     0.0050647       592.392
   4.44575e-06   0.000103078        2961.1       2577.94       3381.59        276355   1.29117e-07      0.005037    0.00515907    0.00504695       589.726
   4.45778e-06   0.000103166       2961.28       2578.13       3381.59        276354   1.40782e-07    0.00603117    0.00609629    0.00566107       747.215
   4.46982e-06   0.000103255       2961.33       2578.08       3381.64        276355   1.26296e-07    0.00493839    0.00495145    0.00494506       581.142
   4.48185e-06   0.000103338       2961.21       2578.45       3381.57        276364   1.59327e-07    0.00859587    0.00533628    0.00775885       930.413
   4.49388e-06   0.000103425       2961.38        2578.6       3381.54        276362   1.42887e-07    0.00632017    0.00633563    0.00593697       774.322
   4.50591e-06   0.000103514       2961.46        2578.6       3381.64        276365   1.25301e-07    0.00504425    0.00504957      0.004938       582.964
   4.51794e-06   0.000103602       2961.58       2578.62       3381.69        276368    1.2726e-07    0.00508295     0.0050774    0.00506268       602.088
   4.52997e-06   0.000103687       2961.72       2578.75       3381.72        276366     1.405e-07    0.00603721    0.00620266    0.00560463       739.495
     4.542e-06   0.000103774        2961.8       2578.75       3381.75        276368   1.27181e-07     0.0051086    0.00508741    0.00505146       602.578
   4.55403e-06   0.000103858       2961.64       2578.78       3381.82        276375   1.50504e-07    0.00835279     0.0059142    0.00786284       984.844
   4.56606e-06   0.000103942       2961.83       2578.95       3381.81        276373   1.41114e-07    0.00607925    0.00613066    0.00566117       753.098
   4.57809e-06   0.000104023       2961.71       2579.29        3381.7        276382   1.57568e-07    0.00867852    0.00535098    0.00776291        938.54
   4.59012e-06   0.000104109        2961.8       2579.25        3381.8        276383   1.22374e-07    0.00492494    0.00487271    0.00481415       569.153
   4.60215e-06   0.000104192       2962.01       2579.39        3381.8        276382   1.39508e-07    0.00607067    0.00620539    0.00564086        746.21
   4.61418e-06   0.000104277        2962.1       2579.36       3381.85        276383   1.25255e-07    0.00501105    0.00503501    0.00502525       593.092
   4.62621e-06   0.000104362       2962.14       2579.36       3381.93        276384   1.20547e-07    0.00480868    0.00480021    0.00466324       556.615
   4.63824e-06   0.000104445       2962.31       2579.53       3381.91        276383   1.37168e-07    0.00596296    0.00596733      0.005571       736.308
   4.65027e-06   0.000104528       2962.41       2579.52       3381.99        276384   1.25184e-07    0.00494556    0.00510715    0.00493968       583.813
    4.6623e-06   0.000104612       2962.47       2579.51       3382.01        276385   1.21913e-07    0.00486417     0.0048655    0.00482762       568.836
   4.67433e-06   0.000104686       2962.42       2579.99       3381.93        276388   1.66074e-07    0.00908881    0.00616125    0.00803178       1018.07
   4.68636e-06   0.000104769       2962.48       2579.94       3381.99        276389   1.21159e-07    0.00491188     0.0049013     0.0047894       572.653
   4.69838e-06   0.000104852       2962.55       2579.85          3382        276389   1.21079e-07    0.00479716     0.0049471    0.00484446       567.915
   4.71041e-06   0.000104933       2962.71       2579.96       3381.99        276386   1.34427e-07    0.00588333    0.00602299    0.00547438       723.127
   4.72244e-06    0.00010501       2962.56       2579.88       3382.04        276391   1.49954e-07     0.0083099    0.00595881    0.00787449        986.17
   4.73447e-06    0.00010509       2962.74       2579.98       3382.03        276388   1.33592e-07    0.00581146     0.0058938    0.00533205       712.473
    4.7465e-06    0.00010517       2962.79       2579.89       3382.04        276388   1.20848e-07    0.00494691    0.00487668    0.00509583       576.789
   4.75853e-06   0.000105251       2962.88       2579.89       3382.09        276389   1.20859e-07     0.0047614    0.00489161    0.00469235       558.646
   4.77055e-06   0.000105327       2962.99       2579.96       3382.13        276384   1.32035e-07     0.0057147     0.0057571    0.00524262       704.373
   4.78258e-06   0.000105408       2963.02       2579.95       3382.14        276384   1.18581e-07    0.00480455    0.00475379    0.00487836        561.54
   4.79461e-06   0.000105481       2962.92       2580.21       3382.07        276390    1.5423e-07    0.00840761    0.00515025    0.00765304       910.827
   4.80664e-06   0.000105559       2963.09       2580.34       3382.07        276387   1.31519e-07    0.00574475    0.00578481    0.00524389       706.269
   4.81867e-06   0.000105638       2963.15       2580.26       3382.11        276386   1.18066e-07    0.00475322    0.00465435    0.00481793       556.786
    4.8307e-06   0.000105716       2963.24       2580.28        3382.2        276387   1.18442e-07    0.00470761    0.00484087    0.00466856       546.518
   4.84272e-06   0.000105792       2963.33       2580.43       3382.17        276382   1.30743e-07    0.00572363    0.00577817    0.00525779       701.999
   4.85475e-06    0.00010587       2963.36       2580.39       3382.21        276381   1.17812e-07    0.00480985    0.00485461    0.00488905       558.046
   4.86678e-06   0.000105945       2963.51       2580.55       3382.23        276378   1.31393e-07    0.00564674    0.00581286    0.00517851       692.405
   4.87881e-06   0.000106022       2963.52       2580.48       3382.25        276376   1.16144e-07    0.00472973    0.00473518    0.00476592       552.108
   4.89084e-06     0.0001061       2963.52       2580.46       3382.25        276375    1.1471e-07    0.00470757    0.00459214     0.0047743       541.424
   4.90287e-06   0.000106164       2963.24        2580.9       3382.14        276381   1.83951e-07     0.0112149    0.00684549     0.0100895       1282.28
    4.9149e-06   0.000106241       2963.24       2580.85       3382.14        276380    1.1487e-07    0.00481379    0.00488782    0.00474062       557.087
   4.92693e-06   0.000106317       2963.32       2580.77       3382.19        276379   1.16327e-07    0.00467269     0.0047629    0.00491195       556.786
   4.93896e-06   0.000106391       2963.46       2580.91       3382.21        276375   1.28292e-07    0.00565465    0.00570708    0.00517855       693.709
   4.95098e-06   0.000106464        2963.5       2580.85       3382.26        276373   1.16195e-07    0.00463559    0.00476195    0.00460131       542.471
   4.96301e-06   0.000106538       2963.62       2580.97       3382.24        276368   1.27637e-07    0.00558312    0.00555408    0.00526731       683.322
   4.97504e-06   0.000106612       2963.65       2580.91       3382.28        276367    1.1309e-07    0.00454262    0.00456248     0.0044692       534.011
   4.98707e-06   0.000106685       2963.66       2580.87       3382.32        276364   1.15549e-07    0.00455715    0.00465058    0.00461673       536.563
    4.9991e-06   0.000106757       2963.77       2580.99       3382.32        276359   1.26608e-07    0.00549036    0.00557622     0.0051753       678.758
         5e-06   0.000106763       2963.71       2580.91       3382.31        276359   8.86078e-09   0.000645809   0.000557179   0.000644033       66.8855
