          time          mass          xmom          ymom          zmom     ang_mom_x     ang_mom_y     ang_mom_z         rho_K         rho_e         rho_E         enstr   rho_mms_err     u_mms_err     v_mms_err     w_mms_err     p_mms_err
             0    0.00941223       32.6783       16.3392       6.53567   8.88178e-16   8.88178e-16  -8.88178e-16       73316.7     2.026e+07   2.03333e+07         14897             0   2.72635e-13   1.35312e-13   4.59702e-14   1.16099e-10
         1e-08    0.00941223       32.6783       16.3392       6.53567   8.08093e-10  -1.77747e-10  -8.54561e-12       73316.7     2.026e+07   2.03333e+07         14897   2.64197e-09     0.0875031     0.0160348      0.148864       3.29818
         2e-08    0.00941223       32.6783       16.3392       6.53567   1.61485e-09  -3.45329e-10   -4.4118e-11       73316.7     2.026e+07   2.03333e+07         14897   5.18891e-09      0.174273     0.0317079      0.295839       6.47971
         3e-08    0.00941223       32.6783       16.3392       6.53567   2.42063e-09  -4.97051e-10  -1.04441e-10       73316.7     2.026e+07   2.03333e+07       14897.1   7.66706e-09      0.260232     0.0470525      0.440873       9.57601
         4e-08    0.00941223       32.6783       16.3392       6.53567   3.25121e-09  -6.95012e-10  -1.50403e-10       73316.7     2.026e+07   2.03333e+07       14897.1   1.00814e-08      0.345122     0.0620955      0.583741       12.5929
         5e-08    0.00941223       32.6783       16.3392       6.53567   4.06603e-09  -9.27372e-10   -1.4592e-10       73316.7     2.026e+07   2.03333e+07       14897.2    1.2439e-08      0.428873      0.076872      0.724288       15.5389
         6e-08    0.00941223       32.6783       16.3392       6.53567   4.87061e-09  -1.25429e-09  -3.80318e-12       73316.7     2.026e+07   2.03333e+07       14897.2   1.47461e-08      0.511515     0.0914028      0.862437       18.4215
         7e-08    0.00941223       32.6783       16.3392       6.53567   5.57328e-09  -1.45423e-09   2.16755e-10       73316.7     2.026e+07   2.03333e+07       14897.3   1.70072e-08      0.593019      0.105699      0.998175       21.2463
         8e-08    0.00941223       32.6783       16.3392       6.53567   6.17118e-09  -1.54946e-09   5.37963e-10       73316.7     2.026e+07   2.03333e+07       14897.4   1.92262e-08      0.673355      0.119772       1.13152       24.0176
         9e-08    0.00941223       32.6783       16.3392       6.53567   6.73725e-09  -1.63353e-09   9.48539e-10       73316.7     2.026e+07   2.03333e+07       14897.5   2.14054e-08      0.752517      0.133633       1.26248       26.7384
         1e-07    0.00941223       32.6783       16.3392       6.53567   7.25009e-09  -1.62336e-09    1.4643e-09       73316.7     2.026e+07   2.03333e+07       14897.6   2.35471e-08      0.830483      0.147289       1.39106       29.4115
       1.1e-07    0.00941223       32.6783       16.3392       6.53567   7.74858e-09  -1.59518e-09   2.09912e-09       73316.7     2.026e+07   2.03333e+07       14897.8   2.56532e-08      0.907234      0.160744       1.51729       32.0387
       1.2e-07    0.00941223       32.6783       16.3392       6.53567   8.22809e-09  -1.53439e-09    2.8672e-09       73316.7     2.026e+07   2.03333e+07       14897.9   2.77244e-08      0.982765      0.174003        1.6412       34.6212
       1.3e-07    0.00941223       32.6783       16.3392       6.53567   8.67106e-09  -1.40814e-09   3.76291e-09       73316.7     2.026e+07   2.03333e+07         14898   2.97617e-08       1.05704      0.187066       1.76284       37.1598
       1.4e-07    0.00941223       32.6783       16.3392       6.53567   9.09567e-09  -1.26756e-09   4.79084e-09       73316.7     2.026e+07   2.03333e+07       14898.2   3.17659e-08          1.13      0.199932       1.88223       39.6556
       1.5e-07    0.00941223       32.6783       16.3392       6.53567   9.49571e-09  -1.09862e-09   5.95015e-09       73316.7     2.026e+07   2.03333e+07       14898.3   3.37375e-08       1.20157      0.212603       1.99943       42.1089
       1.6e-07    0.00941223       32.6783       16.3392       6.53567   9.88158e-09  -9.09529e-10   7.24534e-09       73316.7     2.026e+07   2.03333e+07       14898.5   3.56774e-08       1.27172      0.225079       2.11447       44.5208
       1.7e-07    0.00941223       32.6783       16.3392       6.53567    1.0263e-08  -7.10855e-10   8.67041e-09       73316.7     2.026e+07   2.03333e+07       14898.7    3.7587e-08       1.34038       0.23736       2.22739        46.893
       1.8e-07    0.00941223       32.6783       16.3392       6.53567   1.06398e-08   -5.0093e-10   1.02291e-08       73316.7     2.026e+07   2.03333e+07       14898.8   3.94671e-08       1.40756      0.249446       2.33823       49.2262
       1.9e-07    0.00941223       32.6783       16.3392       6.53567   1.10108e-08  -2.69155e-10    1.1934e-08       73316.7     2.026e+07   2.03333e+07         14899   4.13186e-08       1.47327       0.26134       2.44703       51.5217
         2e-07    0.00941223       32.6783       16.3392       6.53567   1.13642e-08   6.15241e-12   1.37931e-08       73316.7     2.026e+07   2.03333e+07       14899.2   4.31428e-08       1.53756      0.273042       2.55383       53.7808
       2.1e-07    0.00941223       32.6783       16.3392       6.53567   1.17137e-08   2.98249e-10   1.57725e-08       73316.7     2.026e+07   2.03333e+07       14899.3   4.49409e-08       1.60046      0.284554       2.65867       56.0051
       2.2e-07    0.00941223       32.6783       16.3392       6.53567   1.20496e-08   6.18921e-10   1.78776e-08       73316.7     2.026e+07   2.03333e+07       14899.5   4.67139e-08       1.66197      0.295878       2.76159       58.1958
       2.3e-07    0.00941223       32.6783       16.3392       6.53567   1.23794e-08   9.44882e-10   2.01129e-08       73316.7     2.026e+07   2.03333e+07       14899.7    4.8463e-08       1.72211      0.307016       2.86263       60.3546
       2.4e-07    0.00941223       32.6783       16.3392       6.53567   1.26899e-08   1.29611e-09   2.24697e-08       73316.7     2.026e+07   2.03333e+07       14899.8   5.01893e-08       1.78092       0.31797       2.96184       62.4827
       2.5e-07    0.00941223       32.6783       16.3392       6.53567   1.29904e-08   1.65545e-09   2.49406e-08       73316.7     2.026e+07   2.03333e+07         14900   5.18938e-08       1.83841      0.328742       3.05926       64.5813
       2.6e-07    0.00941223       32.6783       16.3392       6.53567   1.32832e-08   2.03341e-09   2.74985e-08       73316.7     2.026e+07   2.03333e+07       14900.2   5.35776e-08       1.89461      0.339335       3.15491       66.6518
       2.7e-07    0.00941223       32.6783       16.3392       6.53567   1.35576e-08   2.43803e-09   3.01609e-08       73316.7     2.026e+07   2.03333e+07       14900.4   5.52415e-08       1.94954      0.349751       3.24883       68.6953
       2.8e-07    0.00941223       32.6783       16.3392       6.53567   1.38163e-08   2.85976e-09   3.29317e-08       73316.7     2.026e+07   2.03333e+07       14900.5   5.68866e-08       2.00324      0.359992       3.34107       70.7129
       2.9e-07    0.00941223       32.6783       16.3392       6.53567   1.40656e-08   3.29099e-09   3.57762e-08       73316.7     2.026e+07   2.03333e+07       14900.7   5.85136e-08       2.05574      0.370061       3.43164       72.7056
         3e-07    0.00941223       32.6783       16.3392       6.53567   1.42825e-08   3.75848e-09   3.87346e-08       73316.7     2.026e+07   2.03333e+07       14900.9   6.01231e-08       2.10706      0.379961       3.52059       74.6743
       3.1e-07    0.00941223       32.6783       16.3392       6.53567   1.44836e-08   4.24991e-09   4.17648e-08       73316.7     2.026e+07   2.03333e+07         14901   6.17158e-08       2.15723      0.389694       3.60794       76.6196
       3.2e-07    0.00941223       32.6783       16.3392       6.53567   1.46551e-08   4.78045e-09   4.48876e-08       73316.7     2.026e+07   2.03333e+07       14901.2   6.32921e-08       2.20628      0.399263       3.69372       78.5423
       3.3e-07    0.00941223       32.6783       16.3392       6.53567   1.48091e-08   5.33771e-09   4.80571e-08       73316.8     2.026e+07   2.03333e+07       14901.3   6.48525e-08       2.25424      0.408671       3.77796       80.4431
       3.4e-07    0.00941223       32.6783       16.3392       6.53567   1.49393e-08   5.91793e-09   5.13029e-08       73316.8     2.026e+07   2.03333e+07       14901.5   6.63979e-08       2.30115      0.417921       3.86069       82.3229
       3.5e-07    0.00941223       32.6783       16.3392       6.53567   1.50439e-08   6.51018e-09   5.46175e-08       73316.8     2.026e+07   2.03333e+07       14901.6   6.79285e-08       2.34703      0.427016       3.94193       84.1821
       3.6e-07    0.00941223       32.6783       16.3392       6.53567   1.51305e-08   7.11771e-09   5.79721e-08       73316.8     2.026e+07   2.03333e+07       14901.8   6.94448e-08       2.39192      0.435959       4.02172       86.0215
       3.7e-07    0.00941223       32.6783       16.3392       6.53567   1.52188e-08   7.71454e-09   6.13428e-08       73316.8     2.026e+07   2.03333e+07       14901.9   7.09474e-08       2.43584      0.444753       4.10008       87.8414
       3.8e-07    0.00941223       32.6783       16.3392       6.53567    1.5352e-08   8.20389e-09   6.47619e-08       73316.8     2.026e+07   2.03333e+07       14902.1   7.24364e-08       2.47882      0.453402       4.17704       89.6423
       3.9e-07    0.00941223       32.6783       16.3392       6.53567   1.55487e-08   8.55407e-09   6.82154e-08       73316.8     2.026e+07   2.03333e+07       14902.2   7.39122e-08       2.52088      0.461907       4.25266       91.4246
         4e-07    0.00941223       32.6783       16.3392       6.53567   1.57766e-08   8.82548e-09   7.17024e-08       73316.8     2.026e+07   2.03333e+07       14902.4    7.5375e-08       2.56206      0.470274       4.32696       93.1885
       4.1e-07    0.00941223       32.6783       16.3392       6.53567   1.59903e-08   9.09269e-09   7.52383e-08       73316.8     2.026e+07   2.03333e+07       14902.5   7.68247e-08       2.60237      0.478504       4.39999       94.9339
       4.2e-07    0.00941223       32.6783       16.3392       6.53567   1.61439e-08   9.45914e-09   7.88058e-08       73316.8     2.026e+07   2.03333e+07       14902.6   7.82612e-08       2.64184      0.486602       4.47179       96.6608
       4.3e-07    0.00941223       32.6783       16.3392       6.53567   1.62114e-08   9.99061e-09   8.23949e-08       73316.8     2.026e+07   2.03333e+07       14902.8   7.96842e-08        2.6805       0.49457       4.54239        98.369
       4.4e-07    0.00941223       32.6783       16.3392       6.53567   1.61722e-08   1.07295e-08   8.60075e-08       73316.8     2.026e+07   2.03333e+07       14902.9    8.1094e-08       2.71836      0.502413       4.61185       100.059
       4.5e-07    0.00941223       32.6783       16.3392       6.53567   1.60469e-08   1.16384e-08   8.96239e-08       73316.8     2.026e+07   2.03333e+07         14903   8.24904e-08       2.75545      0.510132       4.68017        101.73
       4.6e-07    0.00941223       32.6783       16.3392       6.53567   1.58627e-08   1.26716e-08   9.32455e-08       73316.8     2.026e+07   2.03333e+07       14903.1   8.38736e-08       2.79179      0.517733        4.7474       103.383
       4.7e-07    0.00941223       32.6783       16.3392       6.53567   1.56445e-08   1.37765e-08   9.68714e-08       73316.8     2.026e+07   2.03333e+07       14903.2   8.52439e-08        2.8274      0.525217       4.81355       105.019
       4.8e-07    0.00941223       32.6783       16.3392       6.53567   1.54151e-08   1.49061e-08   1.00494e-07       73316.8     2.026e+07   2.03333e+07       14903.4   8.66015e-08       2.86229      0.532589       4.87865       106.637
       4.9e-07    0.00941223       32.6783       16.3392       6.53567   1.51742e-08   1.60529e-08   1.04111e-07       73316.8     2.026e+07   2.03333e+07       14903.5   8.79468e-08       2.89648      0.539852       4.94273       108.238
         5e-07    0.00941223       32.6783       16.3392       6.53567   1.49104e-08   1.72294e-08   1.07724e-07       73316.8     2.026e+07   2.03333e+07       14903.6     8.928e-08       2.92999      0.547008        5.0058       109.823
       5.1e-07    0.00941223       32.6783       16.3392       6.53567   1.46137e-08   1.84662e-08   1.11346e-07       73316.8     2.026e+07   2.03333e+07       14903.7   9.06015e-08       2.96284      0.554062       5.06787       111.391
       5.2e-07    0.00941223       32.6783       16.3392       6.53567   1.42844e-08   1.97531e-08   1.14991e-07       73316.8     2.026e+07   2.03333e+07       14903.8   9.19115e-08       2.99505      0.561017       5.12898       112.943
       5.3e-07    0.00941223       32.6783       16.3392       6.53567   1.39262e-08   2.10819e-08   1.18668e-07       73316.8     2.026e+07   2.03333e+07       14903.9   9.32102e-08       3.02662      0.567877       5.18914        114.48
       5.4e-07    0.00941223       32.6783       16.3392       6.53567   1.35365e-08   2.24439e-08    1.2239e-07       73316.8     2.026e+07   2.03333e+07         14904   9.44978e-08       3.05758      0.574644       5.24836       116.001
       5.5e-07    0.00941223       32.6783       16.3392       6.53567   1.31196e-08   2.38207e-08   1.26148e-07       73316.8     2.026e+07   2.03333e+07         14904   9.57746e-08       3.08794      0.581323       5.30666       117.508
       5.6e-07    0.00941223       32.6783       16.3392       6.53567   1.26709e-08   2.52078e-08    1.2993e-07       73316.8     2.026e+07   2.03333e+07       14904.1    9.7041e-08       3.11771      0.587916       5.36407           119
       5.7e-07    0.00941223       32.6783       16.3392       6.53567   1.21895e-08   2.66093e-08   1.33734e-07       73316.8     2.026e+07   2.03333e+07       14904.2    9.8297e-08       3.14692      0.594428       5.42059       120.477
       5.8e-07    0.00941223       32.6783       16.3392       6.53567   1.16835e-08    2.8026e-08   1.37555e-07       73316.8     2.026e+07   2.03333e+07       14904.3    9.9543e-08       3.17556      0.600862       5.47625       121.941
       5.9e-07    0.00941223       32.6783       16.3392       6.53567   1.11461e-08   2.94616e-08   1.41401e-07       73316.8     2.026e+07   2.03333e+07       14904.4   1.00779e-07       3.20366      0.607221       5.53106       123.391
         6e-07    0.00941223       32.6783       16.3392       6.53567   1.05755e-08   3.09276e-08   1.45272e-07       73316.8     2.026e+07   2.03333e+07       14904.4   1.02006e-07       3.23123      0.613508       5.58504       124.828
       6.1e-07    0.00941223       32.6783       16.3392       6.53567   9.97361e-09   3.24268e-08   1.49163e-07       73316.8     2.026e+07   2.03333e+07       14904.5   1.03223e-07       3.25828      0.619728       5.63819       126.252
       6.2e-07    0.00941223       32.6783       16.3392       6.53567   9.34122e-09   3.39566e-08   1.53069e-07       73316.8     2.026e+07   2.03333e+07       14904.6   1.04431e-07       3.28482      0.625884       5.69054       127.664
       6.3e-07    0.00941223       32.6783       16.3392       6.53567   8.67937e-09   3.55114e-08   1.56982e-07       73316.8     2.026e+07   2.03333e+07       14904.6    1.0563e-07       3.31087      0.631978       5.74211       129.062
       6.4e-07    0.00941223       32.6783       16.3392       6.53567   7.99062e-09   3.70925e-08   1.60899e-07       73316.8     2.026e+07   2.03333e+07       14904.7   1.06821e-07       3.33644      0.638015       5.79289       130.449
       6.5e-07    0.00941223       32.6783       16.3392       6.53567   7.27645e-09   3.87017e-08   1.64818e-07       73316.8     2.026e+07   2.03333e+07       14904.7   1.08003e-07       3.36154      0.643997       5.84291       131.824
       6.6e-07    0.00941223       32.6783       16.3392       6.53567   6.53975e-09    4.0332e-08   1.68737e-07       73316.8     2.026e+07   2.03333e+07       14904.8   1.09176e-07       3.38618      0.649928       5.89219       133.187
       6.7e-07    0.00941223       32.6783       16.3392       6.53567   5.78305e-09   4.19829e-08   1.72654e-07       73316.8     2.026e+07   2.03333e+07       14904.8   1.10341e-07       3.41037      0.655811       5.94072       134.539
       6.8e-07    0.00941223       32.6783       16.3392       6.53567   5.00588e-09   4.36583e-08    1.7656e-07       73316.8     2.026e+07   2.03333e+07       14904.9   1.11498e-07       3.43413       0.66165       5.98853        135.88
       6.9e-07    0.00941223       32.6783       16.3392       6.53567   4.20387e-09   4.53659e-08   1.80462e-07       73316.8     2.026e+07   2.03333e+07       14904.9   1.12648e-07       3.45746      0.667448       6.03563       137.209
         7e-07    0.00941223       32.6783       16.3392       6.53567    3.3763e-09   4.70971e-08   1.84363e-07       73316.8     2.026e+07   2.03333e+07       14904.9   1.13789e-07       3.48038      0.673208       6.08203       138.528
       7.1e-07    0.00941223       32.6783       16.3392       6.53567   2.52629e-09   4.88398e-08   1.88267e-07       73316.8     2.026e+07   2.03333e+07         14905   1.14923e-07       3.50289      0.678934       6.12774       139.837
       7.2e-07    0.00941223       32.6783       16.3392       6.53567   1.65469e-09    5.0584e-08    1.9218e-07       73316.8     2.026e+07   2.03333e+07         14905   1.16049e-07       3.52501      0.684628       6.17278       141.135
       7.3e-07    0.00941223       32.6783       16.3392       6.53567   7.60523e-10   5.23336e-08   1.96106e-07       73316.8     2.026e+07   2.03333e+07         14905   1.17169e-07       3.54674      0.690294       6.21714       142.424
       7.4e-07    0.00941223       32.6783       16.3392       6.53567  -1.59255e-10   5.40828e-08   2.00044e-07       73316.8     2.026e+07   2.03333e+07       14905.1    1.1828e-07        3.5681      0.695935       6.26085       143.702
       7.5e-07    0.00941223       32.6783       16.3392       6.53567  -1.10164e-09   5.58373e-08   2.03996e-07       73316.8     2.026e+07   2.03333e+07       14905.1   1.19385e-07       3.58909      0.701554       6.30391        144.97
       7.6e-07    0.00941223       32.6783       16.3392       6.53567  -2.06873e-09   5.76216e-08   2.07965e-07       73316.8     2.026e+07   2.03333e+07       14905.1   1.20483e-07       3.60973      0.707154       6.34633       146.229
       7.7e-07    0.00941223       32.6783       16.3392       6.53567  -3.05915e-09   5.94594e-08    2.1195e-07       73316.8     2.026e+07   2.03333e+07       14905.1   1.21574e-07       3.63001      0.712738       6.38812       147.478
       7.8e-07    0.00941223       32.6783       16.3392       6.53567  -4.07321e-09   6.13505e-08   2.15954e-07       73316.8     2.026e+07   2.03333e+07       14905.1   1.22658e-07       3.64996      0.718308       6.42929       148.718
       7.9e-07    0.00941223       32.6783       16.3392       6.53567  -5.11312e-09   6.33077e-08    2.1998e-07       73316.8     2.026e+07   2.03333e+07       14905.1   1.23735e-07       3.66958      0.723868       6.46984       149.949
         8e-07    0.00941223       32.6783       16.3392       6.53567  -6.17751e-09   6.53327e-08   2.24031e-07       73316.8     2.026e+07   2.03333e+07       14905.1   1.24806e-07       3.68888      0.729421        6.5098       151.171
       8.1e-07    0.00941223       32.6783       16.3392       6.53567  -7.26598e-09   6.74145e-08   2.28109e-07       73316.9     2.026e+07   2.03333e+07       14905.1    1.2587e-07       3.70786      0.734969       6.54917       152.383
       8.2e-07    0.00941223       32.6783       16.3392       6.53567  -8.37586e-09   6.95352e-08   2.32216e-07       73316.9     2.026e+07   2.03333e+07       14905.1   1.26928e-07       3.72654      0.740516       6.58795       153.587
       8.3e-07    0.00941223       32.6783       16.3392       6.53567  -9.50516e-09   7.16771e-08   2.36352e-07       73316.9     2.026e+07   2.03333e+07       14905.1   1.27979e-07       3.74492      0.746063       6.62615       154.782
       8.4e-07    0.00941223       32.6783       16.3392       6.53567  -1.06557e-08   7.38504e-08   2.40516e-07       73316.9     2.026e+07   2.03333e+07       14905.1   1.29024e-07       3.76301      0.751614       6.66379       155.969
       8.5e-07    0.00941223       32.6783       16.3392       6.53567  -1.18277e-08   7.60532e-08   2.44705e-07       73316.9     2.026e+07   2.03333e+07       14905.1   1.30063e-07       3.78081      0.757171       6.70087       157.147
       8.6e-07    0.00941223       32.6783       16.3392       6.53567  -1.30196e-08   7.82749e-08   2.48923e-07       73316.9     2.026e+07   2.03333e+07       14905.1   1.31096e-07       3.79834      0.762737       6.73741       158.316
       8.7e-07    0.00941223       32.6783       16.3392       6.53567   -1.4231e-08   8.05099e-08   2.53172e-07       73316.9     2.026e+07   2.03333e+07       14905.1   1.32123e-07       3.81559      0.768314        6.7734       159.478
       8.8e-07    0.00941223       32.6783       16.3392       6.53567  -1.54633e-08   8.27506e-08   2.57451e-07       73316.9     2.026e+07   2.03333e+07       14905.1   1.33144e-07       3.83258      0.773904       6.80885       160.632
       8.9e-07    0.00941223       32.6783       16.3392       6.53567  -1.67137e-08   8.49942e-08    2.6176e-07       73316.9     2.026e+07   2.03333e+07       14905.1   1.34158e-07       3.84932       0.77951       6.84379       161.777
         9e-07    0.00941223       32.6783       16.3392       6.53567  -1.79794e-08   8.72431e-08   2.66097e-07       73316.9     2.026e+07   2.03333e+07         14905   1.35168e-07        3.8658      0.785134        6.8782       162.915
       9.1e-07    0.00941223       32.6783       16.3392       6.53567  -1.92596e-08   8.95012e-08   2.70463e-07       73316.9     2.026e+07   2.03333e+07         14905   1.36171e-07       3.88204      0.790778        6.9121       164.044
       9.2e-07    0.00941223       32.6783       16.3392       6.53567  -2.05525e-08   9.17623e-08   2.74859e-07       73316.9     2.026e+07   2.03333e+07         14905   1.37168e-07       3.89803      0.796446        6.9455       165.167
       9.3e-07    0.00941223       32.6783       16.3392       6.53567  -2.18562e-08   9.40283e-08   2.79286e-07       73316.9     2.026e+07   2.03333e+07         14905    1.3816e-07        3.9138      0.802138        6.9784       166.281
       9.4e-07    0.00941223       32.6783       16.3392       6.53567  -2.31712e-08   9.63065e-08   2.83743e-07       73316.9     2.026e+07   2.03333e+07       14904.9   1.39147e-07       3.92933      0.807857       7.01081       167.388
       9.5e-07    0.00941223       32.6783       16.3392       6.53567  -2.45001e-08    9.8605e-08   2.88228e-07       73316.9     2.026e+07   2.03333e+07       14904.9   1.40128e-07       3.94464      0.813604       7.04274       168.488
       9.6e-07    0.00941223       32.6783       16.3392       6.53567  -2.58481e-08   1.00929e-07   2.92741e-07       73316.9     2.026e+07   2.03333e+07       14904.9   1.41103e-07       3.95973      0.819383       7.07419        169.58
       9.7e-07    0.00941223       32.6783       16.3392       6.53567  -2.72157e-08   1.03282e-07   2.97284e-07       73316.9     2.026e+07   2.03333e+07       14904.8   1.42073e-07       3.97461      0.825194       7.10518       170.665
       9.8e-07    0.00941223       32.6783       16.3392       6.53567  -2.86014e-08   1.05683e-07   3.01857e-07       73316.9     2.026e+07   2.03333e+07       14904.8   1.43037e-07       3.98928       0.83104        7.1357       171.743
       9.9e-07    0.00941223       32.6783       16.3392       6.53567  -3.00053e-08   1.08139e-07   3.06459e-07       73316.9     2.026e+07   2.03333e+07       14904.8   1.43996e-07       4.00375      0.836922       7.16576       172.813
         1e-06    0.00941223       32.6783       16.3392       6.53567  -3.14269e-08   1.10647e-07   3.11091e-07       73316.9     2.026e+07   2.03333e+07       14904.7    1.4495e-07       4.01802      0.842842       7.19538       173.877
