          time          mass          xmom          ymom          zmom     ang_mom_x     ang_mom_y     ang_mom_z         rho_K         rho_e         rho_E         enstr     fuel_prod
             0    0.00941223       330.868       326.783       326.783  -1.03806e-14   8.38218e-15   1.33227e-15   1.92875e+07     2.026e+07   3.95475e+07   5.10552e+07             0
   9.06169e-09    0.00941223       330.868       326.783       326.783   -0.00012622    0.00889124   -0.00151237   1.94903e+07   2.00566e+07   3.95468e+07   5.46512e+07             0
   1.90296e-08    0.00941223       330.868       326.783       326.783  -0.000540512     0.0206822   -0.00343764   1.97141e+07   1.98324e+07   3.95465e+07   5.85827e+07             0
   2.99942e-08    0.00941223       330.869       326.783       326.783   -0.00152368     0.0358809   -0.00564664   1.99592e+07   1.95872e+07   3.95464e+07   6.28575e+07             0
   4.20553e-08    0.00941223        330.87       326.783       326.783   -0.00377768     0.0554837   -0.00797748   2.02251e+07   1.93217e+07   3.95469e+07     6.747e+07             0
   5.53226e-08    0.00941223       330.871       326.782       326.783   -0.00628043     0.0791876    -0.0105464   2.05114e+07   1.90365e+07   3.95479e+07   7.24273e+07             0
   6.99165e-08    0.00941223       330.873       326.781       326.783   -0.00850764      0.106882    -0.0133387   2.08159e+07   1.87337e+07   3.95496e+07   7.77087e+07             0
   8.59698e-08    0.00941223       330.875        326.78       326.782    -0.0113576       0.14029    -0.0169585   2.11357e+07   1.84164e+07   3.95522e+07   8.32918e+07             0
   1.03629e-07    0.00941223       330.877       326.778       326.781    -0.0140071      0.180288    -0.0220908   2.14672e+07   1.80886e+07   3.95558e+07   8.91298e+07             0
   1.23053e-07    0.00941223        330.88       326.775        326.78    -0.0173199      0.226891    -0.0281899    2.1806e+07   1.77546e+07   3.95606e+07   9.51794e+07             0
    1.4442e-07    0.00941223       330.881       326.772       326.779    -0.0210808       0.28065    -0.0349829    2.2147e+07   1.74199e+07   3.95669e+07   1.01387e+08             0
   1.67924e-07    0.00941223       330.882       326.768       326.776     -0.024787      0.342415    -0.0438485   2.24835e+07   1.71206e+07   3.96041e+07   1.07666e+08             0
   1.93778e-07    0.00941223       330.881       326.763       326.773     -0.028007      0.411713    -0.0538132   2.28077e+07   1.68373e+07    3.9645e+07   1.13918e+08             0
   2.22217e-07    0.00941223       330.877       326.756       326.768    -0.0312102      0.488722     -0.067726   2.31112e+07   1.66186e+07   3.97298e+07   1.20027e+08             0
   2.51699e-07    0.00941223       330.869       326.747       326.763    -0.0277447      0.568368    -0.0855689   2.33839e+07   1.64867e+07   3.98706e+07   1.25697e+08             0
   2.81024e-07    0.00941223       330.858       326.737       326.756    -0.0237946      0.646428     -0.102057   2.36257e+07   1.64121e+07   4.00378e+07   1.30805e+08             0
   3.10192e-07    0.00941223       330.843       326.726       326.749    -0.0195027      0.725459       -0.1215   2.38398e+07   1.63428e+07   4.01826e+07   1.35393e+08             0
   3.39138e-07    0.00941223       330.826       326.715       326.741    -0.0146196      0.801184     -0.138732   2.40303e+07   1.63262e+07   4.03565e+07   1.39515e+08             0
   3.67791e-07    0.00941223       330.806       326.702       326.733    -0.0093578      0.873878     -0.154922   2.41997e+07   1.62891e+07   4.04888e+07   1.43218e+08             0
   3.96153e-07    0.00941223       330.783       326.689       326.723   -0.00505362      0.949106     -0.174896     2.435e+07   1.63367e+07   4.06867e+07   1.46519e+08             0
   4.24229e-07    0.00941223       330.758       326.675       326.713  -0.000192867       1.02238     -0.194191   2.44842e+07   1.63652e+07   4.08494e+07   1.49478e+08             0
   4.52025e-07    0.00941223       330.732        326.66       326.702    0.00685643         1.092     -0.211181   2.46044e+07   1.64449e+07   4.10493e+07   1.52147e+08             0
   4.79546e-07    0.00941223       330.703       326.645       326.691     0.0138603       1.15938     -0.227129   2.47127e+07    1.6449e+07   4.11617e+07   1.54565e+08             0
   5.06797e-07    0.00941223       330.672       326.629       326.678     0.0216024       1.22492     -0.243745   2.48105e+07   1.64815e+07    4.1292e+07   1.56764e+08             0
   5.33783e-07    0.00941223        330.64       326.612       326.665     0.0281317       1.28831     -0.260479   2.48992e+07   1.65892e+07   4.14884e+07    1.5876e+08             0
   5.60511e-07    0.00941223       330.607       326.595       326.652     0.0338928       1.34969     -0.276138   2.49786e+07   1.66557e+07   4.16343e+07   1.60545e+08             0
   5.86987e-07    0.00941223       330.572       326.577       326.637     0.0386743       1.40995     -0.293723   2.50506e+07   1.67678e+07   4.18185e+07   1.62169e+08             0
   6.13214e-07    0.00941223       330.536       326.559       326.622     0.0419584       1.46895     -0.306416   2.51164e+07   1.68889e+07   4.20053e+07   1.63651e+08             0
     6.392e-07    0.00941223       330.499        326.54       326.607     0.0464199       1.52625      -0.31984   2.51759e+07   1.69624e+07   4.21384e+07   1.64993e+08             0
   6.64949e-07    0.00941223       330.462       326.521       326.592     0.0524978       1.58315     -0.335462   2.52307e+07   1.70905e+07   4.23212e+07   1.66227e+08             0
   6.90466e-07    0.00941223       330.424       326.502       326.576     0.0585439        1.6381     -0.349372   2.52815e+07   1.71362e+07   4.24177e+07   1.67361e+08             0
   7.15756e-07    0.00941223       330.386       326.483        326.56     0.0645312       1.69277     -0.363547   2.53283e+07   1.72266e+07    4.2555e+07   1.68404e+08             0
   7.40825e-07    0.00941223       330.348       326.463       326.544     0.0705154       1.74578     -0.377085   2.53717e+07    1.7334e+07   4.27056e+07   1.69363e+08             0
   7.65677e-07    0.00941223        330.31       326.443       326.527     0.0746654       1.79721     -0.389137   2.54116e+07   1.74746e+07   4.28862e+07   1.70242e+08             0
   7.90318e-07    0.00941223       330.272       326.423        326.51     0.0773421       1.84995     -0.404755   2.54491e+07   1.75517e+07   4.30008e+07    1.7107e+08             0
   8.14751e-07    0.00941223       330.233       326.402       326.493     0.0798796       1.90273     -0.418405   2.54839e+07    1.7678e+07   4.31619e+07   1.71836e+08             0
   8.38981e-07    0.00941223       330.195       326.381       326.475     0.0820059       1.95379     -0.430601   2.55164e+07   1.77543e+07   4.32707e+07   1.72547e+08             0
   8.63012e-07    0.00941223       330.156       326.359       326.458      0.084451        2.0041     -0.444545   2.55467e+07   1.78724e+07   4.34192e+07   1.73211e+08             0
   8.86849e-07    0.00941223       330.117       326.338        326.44     0.0883021       2.05411     -0.457623   2.55756e+07   1.79903e+07   4.35659e+07   1.73841e+08             0
   9.10496e-07    0.00941223       330.078       326.316       326.422     0.0912505        2.1049     -0.471034   2.56026e+07   1.80764e+07    4.3679e+07   1.74426e+08             0
   9.33957e-07    0.00941223       330.039       326.294       326.403     0.0935286       2.15389     -0.482967   2.56283e+07   1.81402e+07   4.37685e+07   1.74986e+08             0
   9.57235e-07    0.00941223           330       326.272       326.385     0.0952847       2.20274     -0.495231   2.56525e+07   1.83132e+07   4.39656e+07   1.75509e+08             0
   9.80333e-07    0.00941223        329.96        326.25       326.366     0.0959359       2.25164     -0.508223   2.56748e+07   1.84025e+07   4.40773e+07   1.75982e+08             0
   1.00326e-06    0.00941223        329.92       326.227       326.347     0.0972889       2.29554      -0.51351   2.56958e+07   1.85012e+07   4.41971e+07   1.76431e+08             0
   1.02601e-06    0.00941223        329.88       326.204       326.328      0.100888       2.33872     -0.519152   2.57162e+07   1.85967e+07   4.43129e+07   1.76867e+08             0
   1.04859e-06    0.00941223        329.84       326.181       326.309      0.103646       2.38496     -0.530192   2.57352e+07   1.86794e+07   4.44146e+07    1.7727e+08             0
     1.071e-06    0.00941223       329.799       326.158       326.289      0.106317       2.42833     -0.535644   2.57533e+07   1.88002e+07   4.45535e+07   1.77652e+08             0
   1.09325e-06    0.00941223       329.759       326.135        326.27       0.10961       2.47053     -0.540258   2.57707e+07    1.8887e+07   4.46577e+07   1.78023e+08             0
   1.11534e-06    0.00941223       329.718       326.111       326.251      0.112533       2.51433     -0.549409   2.57873e+07   1.90025e+07   4.47899e+07   1.78373e+08             0
   1.13727e-06    0.00941223       329.677       326.088       326.231      0.115323       2.55513     -0.554131   2.58029e+07   1.91383e+07   4.49412e+07   1.78705e+08             0
   1.15904e-06    0.00941223       329.636       326.064       326.212      0.117399       2.59255     -0.556004    2.5818e+07    1.9223e+07    4.5041e+07   1.79025e+08             0
   1.18067e-06    0.00941223       329.595        326.04       326.192      0.119572       2.63051     -0.558345   2.58323e+07   1.92983e+07   4.51306e+07   1.79325e+08             0
   1.20214e-06    0.00941223       329.554       326.017       326.172      0.121232       2.66932     -0.563931   2.58461e+07   1.93843e+07   4.52304e+07   1.79615e+08             0
   1.22347e-06    0.00941223       329.512       325.994       326.152      0.122739       2.70743      -0.56769   2.58593e+07   1.94721e+07   4.53314e+07   1.79895e+08             0
   1.24465e-06    0.00941223       329.471        325.97       326.132      0.122785       2.74443     -0.567674   2.58719e+07   1.95747e+07   4.54466e+07   1.80157e+08             0
   1.26569e-06    0.00941223       329.429       325.947       326.112      0.123364       2.78155     -0.567301   2.58845e+07   1.96697e+07   4.55542e+07   1.80415e+08             0
   1.28659e-06    0.00941223       329.387       325.924       326.092      0.124511       2.81711     -0.566822   2.58968e+07   1.97832e+07     4.568e+07   1.80663e+08             0
   1.30736e-06    0.00941223       329.345         325.9       326.072      0.123839       2.85282     -0.564447   2.59082e+07   1.98667e+07   4.57749e+07   1.80903e+08             0
   1.32799e-06    0.00941223       329.303       325.877       326.052      0.123198       2.88715      -0.56208   2.59193e+07    1.9952e+07   4.58713e+07   1.81133e+08             0
    1.3485e-06    0.00941223       329.261       325.854       326.032      0.122471       2.92276     -0.561941   2.59302e+07   2.00654e+07   4.59956e+07   1.81362e+08             0
   1.36887e-06    0.00941223       329.218        325.83       326.013      0.121238       2.95638     -0.560389    2.5941e+07   2.01368e+07   4.60778e+07   1.81586e+08             0
   1.38912e-06    0.00941223       329.176       325.807       325.993      0.120398       2.98924     -0.557556   2.59513e+07   2.02322e+07   4.61835e+07     1.818e+08             0
   1.40924e-06    0.00941223       329.133       325.784       325.973      0.120189       3.02025     -0.555419   2.59617e+07   2.02736e+07   4.62353e+07    1.8201e+08             0
   1.42924e-06    0.00941223       329.091       325.761       325.954      0.120572       3.05091     -0.553252   2.59716e+07   2.03862e+07   4.63578e+07   1.82213e+08             0
   1.44913e-06    0.00941223       329.048       325.738       325.934      0.120482       3.08082     -0.551301   2.59814e+07   2.04997e+07   4.64811e+07   1.82411e+08             0
    1.4689e-06    0.00941223       329.005       325.715       325.915      0.119547       3.11084     -0.549302   2.59906e+07   2.05613e+07   4.65518e+07   1.82598e+08             0
   1.48855e-06    0.00941223       328.963       325.692       325.895      0.118129       3.13965     -0.546184   2.59997e+07   2.06475e+07   4.66472e+07   1.82787e+08             0
    1.5081e-06    0.00941223        328.92       325.669       325.876      0.115326       3.16876     -0.543839   2.60082e+07    2.0732e+07   4.67402e+07   1.82967e+08             0
   1.52753e-06    0.00941223       328.877       325.646       325.856      0.112546       3.19681     -0.541549   2.60165e+07   2.07814e+07   4.67979e+07   1.83142e+08             0
   1.54685e-06    0.00941223       328.833       325.623       325.837      0.110389       3.22517     -0.539499   2.60249e+07   2.09218e+07   4.69467e+07   1.83315e+08             0
   1.56607e-06    0.00941223        328.79         325.6       325.818      0.108036       3.25294     -0.536678   2.60331e+07   2.09964e+07   4.70295e+07   1.83485e+08             0
   1.58518e-06    0.00941223       328.747       325.577       325.799      0.106708       3.28005     -0.534395   2.60411e+07   2.10594e+07   4.71004e+07   1.83654e+08             0
   1.60419e-06    0.00941223       328.703       325.554        325.78      0.104813       3.30707     -0.531218   2.60494e+07   2.11543e+07   4.72037e+07   1.83826e+08             0
    1.6231e-06    0.00941223        328.66       325.531       325.761      0.102602         3.334      -0.52837   2.60573e+07   2.12218e+07    4.7279e+07   1.83991e+08             0
   1.64191e-06    0.00941223       328.616       325.507       325.743      0.100215       3.36032     -0.524963   2.60648e+07    2.1294e+07   4.73588e+07   1.84144e+08             0
   1.66062e-06    0.00941223       328.572       325.484       325.724     0.0980668       3.38674     -0.521854    2.6072e+07   2.13686e+07   4.74405e+07   1.84296e+08             0
   1.67923e-06    0.00941223       328.529       325.461       325.705     0.0956599       3.41283     -0.519009   2.60792e+07   2.14306e+07   4.75098e+07   1.84449e+08             0
   1.69774e-06    0.00941223       328.485       325.437       325.687     0.0935069       3.43926     -0.516116   2.60862e+07   2.14971e+07   4.75833e+07   1.84597e+08             0
   1.71616e-06    0.00941223       328.441       325.414       325.668     0.0904429        3.4658     -0.512523   2.60932e+07   2.15967e+07   4.76899e+07    1.8475e+08             0
   1.73448e-06    0.00941223       328.397        325.39        325.65     0.0878179       3.49145      -0.50891      2.61e+07   2.16428e+07   4.77428e+07     1.849e+08             0
   1.75272e-06    0.00941223       328.353       325.367       325.631     0.0858846       3.51706     -0.505751   2.61065e+07   2.17328e+07   4.78393e+07   1.85043e+08             0
   1.77086e-06    0.00941223       328.309       325.343       325.613     0.0835204       3.54181     -0.502026   2.61131e+07   2.18205e+07   4.79336e+07    1.8519e+08             0
   1.78891e-06    0.00941223       328.264       325.319       325.595     0.0812618       3.56702      -0.49844   2.61199e+07   2.18987e+07   4.80187e+07   1.85338e+08             0
   1.80687e-06    0.00941223        328.22       325.295       325.577     0.0782559       3.59146     -0.493948   2.61264e+07   2.19794e+07   4.81059e+07   1.85483e+08             0
   1.82475e-06    0.00941223       328.176       325.271       325.559     0.0747028       3.61599     -0.488635   2.61325e+07   2.20297e+07   4.81622e+07   1.85621e+08             0
   1.84255e-06    0.00941223       328.131       325.248       325.541     0.0716491       3.63994     -0.484075   2.61385e+07   2.21128e+07   4.82513e+07   1.85753e+08             0
   1.86025e-06    0.00941223       328.086       325.223       325.524     0.0687698       3.66241     -0.480198    2.6144e+07   2.21791e+07   4.83231e+07   1.85882e+08             0
   1.87788e-06    0.00941223       328.042       325.199       325.506     0.0650469       3.68648     -0.475241   2.61496e+07   2.22654e+07    4.8415e+07   1.86014e+08             0
   1.89542e-06    0.00941223       327.997       325.175       325.488     0.0614591       3.70994       -0.4707    2.6155e+07   2.23137e+07   4.84688e+07   1.86141e+08             0
   1.91288e-06    0.00941223       327.952       325.151       325.471     0.0576302       3.73408     -0.465859   2.61603e+07   2.23971e+07   4.85574e+07   1.86268e+08             0
   1.93026e-06    0.00941223       327.908       325.127       325.453      0.053117       3.75787     -0.461666   2.61656e+07   2.24757e+07   4.86413e+07   1.86391e+08             0
   1.94757e-06    0.00941223       327.863       325.103       325.436     0.0508681       3.78007     -0.456824   2.61708e+07   2.25298e+07   4.87006e+07    1.8652e+08             0
   1.96479e-06    0.00941223       327.819       325.079       325.419     0.0476847       3.80307     -0.452733   2.61761e+07   2.26099e+07    4.8786e+07   1.86645e+08             0
   1.98194e-06    0.00941223       327.774       325.055       325.402     0.0436744       3.82609     -0.447658   2.61814e+07   2.26686e+07     4.885e+07   1.86771e+08             0
   1.99902e-06    0.00941223       327.729       325.031       325.385     0.0397921       3.84944     -0.443402   2.61864e+07   2.27389e+07   4.89253e+07   1.86893e+08             0
   2.01602e-06    0.00941223       327.685       325.007       325.368      0.035629       3.87219     -0.438534   2.61914e+07   2.27962e+07   4.89876e+07   1.87017e+08             0
   2.03295e-06    0.00941223        327.64       324.983       325.351     0.0325276        3.8931     -0.434222   2.61963e+07   2.28318e+07   4.90281e+07   1.87141e+08             0
   2.04981e-06    0.00941223       327.595       324.959       325.334     0.0289319       3.91584     -0.429521   2.62011e+07   2.29124e+07   4.91135e+07   1.87262e+08             0
    2.0666e-06    0.00941223        327.55       324.935       325.317     0.0250926        3.9383     -0.424636   2.62057e+07   2.29764e+07   4.91821e+07   1.87381e+08             0
   2.08332e-06    0.00941223       327.505       324.911         325.3     0.0209797       3.96088     -0.419534   2.62101e+07   2.30345e+07   4.92446e+07   1.87495e+08             0
   2.09997e-06    0.00941223        327.46       324.887       325.284     0.0167512       3.98285     -0.414436   2.62146e+07   2.30713e+07   4.92859e+07   1.87611e+08             0
   2.11656e-06    0.00941223       327.415       324.863       325.267     0.0133102       4.00301     -0.409993   2.62189e+07   2.31666e+07   4.93855e+07   1.87727e+08             0
   2.13307e-06    0.00941223        327.37       324.839        325.25    0.00950646       4.02411     -0.405097   2.62234e+07    2.3229e+07   4.94524e+07   1.87844e+08             0
   2.14952e-06    0.00941223       327.325       324.815       325.234     0.0056439       4.04511     -0.399717   2.62276e+07   2.32841e+07   4.95117e+07   1.87956e+08             0
   2.16591e-06    0.00941223        327.28       324.791       325.217    0.00166235       4.06654     -0.394513   2.62317e+07    2.3344e+07   4.95758e+07   1.88066e+08             0
   2.18223e-06    0.00941223       327.236       324.767       325.201   -0.00236099       4.08752      -0.38942   2.62359e+07   2.33989e+07   4.96348e+07   1.88175e+08             0
   2.19849e-06    0.00941223       327.191       324.743       325.184   -0.00516068       4.10898     -0.384246   2.62402e+07   2.34858e+07    4.9726e+07   1.88289e+08             0
   2.21469e-06    0.00941223       327.146       324.719       325.168   -0.00971208        4.1286     -0.379788   2.62442e+07    2.3544e+07   4.97882e+07   1.88395e+08             0
   2.23083e-06    0.00941223       327.101       324.695       325.151    -0.0152199       4.14974     -0.374423    2.6248e+07   2.36056e+07   4.98536e+07   1.88497e+08             0
   2.24691e-06    0.00941223       327.056       324.671       325.135    -0.0200551       4.17053     -0.368808   2.62515e+07   2.36433e+07   4.98948e+07   1.88597e+08             0
   2.26292e-06    0.00941223       327.011       324.648       325.119    -0.0247288       4.19057      -0.36309    2.6255e+07   2.36831e+07   4.99382e+07   1.88696e+08             0
   2.27888e-06    0.00941223       326.966       324.624       325.103     -0.030197       4.21134     -0.357496   2.62586e+07   2.37514e+07     5.001e+07   1.88796e+08             0
   2.29478e-06    0.00941223       326.921       324.601       325.087    -0.0334189       4.23016     -0.352266   2.62623e+07    2.3821e+07   5.00833e+07     1.889e+08             0
   2.31063e-06    0.00941223       326.876       324.577       325.071    -0.0374838       4.24973     -0.347124   2.62659e+07   2.38938e+07   5.01596e+07   1.89001e+08             0
   2.32641e-06    0.00941223       326.831       324.553       325.055     -0.042603       4.26946     -0.342037   2.62694e+07   2.39736e+07    5.0243e+07     1.891e+08             0
   2.34214e-06    0.00941223       326.786        324.53       325.039    -0.0456446       4.28887     -0.336221   2.62729e+07   2.40078e+07   5.02807e+07     1.892e+08             0
   2.35782e-06    0.00941223       326.741       324.507       325.023    -0.0492984       4.30916     -0.330611   2.62763e+07   2.40725e+07   5.03488e+07   1.89299e+08             0
   2.37344e-06    0.00941223       326.697       324.483       325.008    -0.0555264       4.32968     -0.325278   2.62795e+07   2.41201e+07   5.03996e+07   1.89393e+08             0
   2.38901e-06    0.00941223       326.652        324.46       324.992    -0.0594186       4.34824     -0.319895   2.62828e+07   2.41558e+07   5.04386e+07   1.89491e+08             0
   2.40452e-06    0.00941223       326.607       324.436       324.976    -0.0636415       4.36625     -0.314809   2.62859e+07   2.42365e+07   5.05225e+07   1.89584e+08             0
   2.41999e-06    0.00941223       326.562       324.413       324.961    -0.0687937       4.38395     -0.309547   2.62891e+07   2.42748e+07   5.05639e+07   1.89678e+08             0
    2.4354e-06    0.00941223       326.517       324.389       324.945    -0.0722412       4.40189     -0.303692    2.6292e+07   2.43068e+07   5.05988e+07    1.8977e+08             0
   2.45076e-06    0.00941223       326.472       324.366       324.929    -0.0763666       4.41967     -0.297616   2.62949e+07   2.43606e+07   5.06556e+07   1.89861e+08             0
   2.46607e-06    0.00941223       326.428       324.342       324.913    -0.0830673        4.4384     -0.292133   2.62978e+07   2.44681e+07   5.07659e+07   1.89951e+08             0
   2.48132e-06    0.00941223       326.383       324.319       324.898    -0.0864935       4.45538     -0.286573   2.63008e+07   2.45025e+07   5.08033e+07   1.90043e+08             0
   2.49653e-06    0.00941223       326.339       324.295       324.882    -0.0903379       4.47309     -0.280946   2.63037e+07   2.45593e+07    5.0863e+07   1.90131e+08             0
   2.51169e-06    0.00941223       326.294       324.272       324.866    -0.0950099       4.49048      -0.27522   2.63064e+07   2.46115e+07   5.09179e+07   1.90218e+08             0
    2.5268e-06    0.00941223       326.249       324.248        324.85    -0.0991298       4.50731     -0.269195   2.63091e+07   2.46637e+07   5.09728e+07   1.90306e+08             0
   2.54187e-06    0.00941223       326.205       324.225       324.834     -0.103565       4.52503     -0.263509   2.63118e+07   2.47161e+07   5.10279e+07   1.90392e+08             0
   2.55688e-06    0.00941223        326.16       324.201       324.818     -0.109153       4.54355       -0.2578   2.63144e+07   2.47478e+07   5.10622e+07   1.90477e+08             0
   2.57185e-06    0.00941223       326.116       324.178       324.802       -0.1137       4.56052     -0.252389   2.63169e+07   2.47825e+07   5.10994e+07   1.90562e+08             0
   2.58678e-06    0.00941223       326.072       324.154       324.786     -0.118612       4.57826     -0.246771   2.63195e+07   2.48413e+07   5.11608e+07   1.90646e+08             0
   2.60166e-06    0.00941223       326.028       324.131        324.77     -0.123661       4.59523     -0.240823    2.6322e+07   2.49156e+07   5.12376e+07   1.90733e+08             0
   2.61649e-06    0.00941223       325.983       324.107       324.753     -0.127878       4.61228     -0.235018   2.63244e+07   2.49594e+07   5.12838e+07   1.90815e+08             0
   2.63128e-06    0.00941223       325.939       324.084       324.737     -0.132493       4.62932     -0.229085   2.63268e+07   2.50371e+07   5.13639e+07   1.90897e+08             0
   2.64602e-06    0.00941223       325.895        324.06       324.721     -0.137926       4.64461      -0.22328   2.63291e+07   2.50793e+07   5.14084e+07    1.9098e+08             0
   2.66072e-06    0.00941223       325.851       324.037       324.705     -0.142677       4.66127      -0.21748   2.63312e+07   2.51134e+07   5.14446e+07   1.91059e+08             0
   2.67538e-06    0.00941223       325.808       324.013       324.689     -0.147633       4.67842     -0.211505   2.63336e+07   2.51685e+07   5.15021e+07    1.9114e+08             0
   2.68999e-06    0.00941223       325.764        323.99       324.673     -0.152804       4.69511     -0.205461   2.63359e+07   2.51997e+07   5.15357e+07   1.91221e+08             0
   2.70456e-06    0.00941223        325.72       323.967       324.657      -0.15846       4.71134     -0.199108   2.63383e+07   2.52577e+07    5.1596e+07   1.91303e+08             0
   2.71909e-06    0.00941223       325.676       323.943       324.641     -0.163501       4.72801     -0.192919   2.63404e+07   2.53013e+07   5.16417e+07   1.91383e+08             0
   2.73358e-06    0.00941223       325.633        323.92       324.625     -0.169352       4.74505      -0.18659   2.63426e+07   2.53727e+07   5.17153e+07   1.91465e+08             0
   2.74803e-06    0.00941223       325.589       323.897       324.609     -0.174867       4.75967     -0.180533   2.63449e+07   2.54188e+07   5.17637e+07   1.91544e+08             0
   2.76243e-06    0.00941223       325.545       323.873       324.593     -0.179364       4.77503      -0.17441   2.63472e+07   2.54607e+07   5.18079e+07   1.91626e+08             0
    2.7768e-06    0.00941223       325.502        323.85       324.577     -0.183515       4.79015     -0.168213   2.63493e+07   2.55132e+07   5.18625e+07   1.91704e+08             0
   2.79112e-06    0.00941223       325.458       323.827       324.561     -0.188899       4.80527     -0.161909   2.63513e+07    2.5567e+07   5.19183e+07   1.91782e+08             0
   2.80541e-06    0.00941223       325.415       323.803       324.546     -0.193097       4.82023     -0.155889   2.63535e+07   2.56086e+07   5.19621e+07   1.91861e+08             0
   2.81965e-06    0.00941223       325.371        323.78        324.53     -0.197804       4.83579     -0.149606   2.63557e+07   2.56714e+07   5.20271e+07   1.91942e+08             0
   2.83386e-06    0.00941223       325.328       323.757       324.514      -0.20327       4.84983     -0.143199   2.63579e+07   2.57002e+07    5.2058e+07   1.92021e+08             0
   2.84803e-06    0.00941223       325.284       323.733       324.499     -0.207948       4.86521      -0.13682     2.636e+07   2.57348e+07   5.20948e+07     1.921e+08             0
   2.86217e-06    0.00941223       325.241        323.71       324.483     -0.213024       4.88104     -0.130192    2.6362e+07   2.58009e+07   5.21629e+07   1.92177e+08             0
   2.87626e-06    0.00941223       325.198       323.687       324.467     -0.218707       4.89595     -0.123314   2.63639e+07   2.58486e+07   5.22125e+07   1.92253e+08             0
   2.89032e-06    0.00941223       325.155       323.664       324.452     -0.224277       4.91128     -0.116692   2.63659e+07   2.58913e+07   5.22572e+07   1.92328e+08             0
   2.90434e-06    0.00941223       325.112        323.64       324.436     -0.228777        4.9264     -0.110096   2.63678e+07   2.59321e+07   5.22999e+07   1.92404e+08             0
   2.91833e-06    0.00941223       325.069       323.617       324.421      -0.23469       4.94174     -0.103193   2.63699e+07   2.59773e+07   5.23472e+07    1.9248e+08             0
   2.93228e-06    0.00941223       325.026       323.594       324.405     -0.240684       4.95668    -0.0968184   2.63718e+07    2.6011e+07   5.23829e+07   1.92556e+08             0
   2.94619e-06    0.00941223       324.983        323.57        324.39     -0.245502       4.97132    -0.0900105   2.63736e+07   2.60692e+07   5.24429e+07    1.9263e+08             0
   2.96007e-06    0.00941223        324.94       323.547       324.374     -0.250411       4.98666    -0.0833445   2.63755e+07   2.61198e+07   5.24953e+07   1.92703e+08             0
   2.97391e-06    0.00941223       324.897       323.524       324.359     -0.255811       5.00176    -0.0769059   2.63774e+07    2.6151e+07   5.25284e+07   1.92778e+08             0
   2.98772e-06    0.00941223       324.854       323.501       324.344     -0.260458       5.01605    -0.0701423   2.63794e+07   2.62107e+07   5.25901e+07   1.92854e+08             0
    3.0015e-06    0.00941223       324.812       323.478       324.328     -0.265475       5.03082    -0.0634703    2.6381e+07   2.62598e+07   5.26407e+07   1.92923e+08             0
   3.01524e-06    0.00941223       324.769       323.454       324.313       -0.2719       5.04602    -0.0566829   2.63824e+07   2.62985e+07   5.26809e+07    1.9299e+08             0
   3.02895e-06    0.00941223       324.727       323.431       324.298     -0.278137        5.0603    -0.0502741   2.63839e+07    2.6328e+07   5.27119e+07   1.93057e+08             0
   3.04263e-06    0.00941223       324.684       323.408       324.282     -0.283336       5.07494    -0.0435917   2.63854e+07   2.63857e+07   5.27711e+07   1.93124e+08             0
   3.05627e-06    0.00941223       324.642       323.385       324.267     -0.290781       5.08939    -0.0370044   2.63869e+07   2.64126e+07   5.27995e+07    1.9319e+08             0
   3.06988e-06    0.00941223       324.599       323.362       324.252     -0.297046       5.10462    -0.0302731   2.63884e+07   2.64462e+07   5.28346e+07   1.93257e+08             0
   3.08346e-06    0.00941223       324.557       323.339       324.237       -0.3018        5.1188    -0.0236018   2.63899e+07   2.64822e+07    5.2872e+07   1.93324e+08             0
   3.09701e-06    0.00941223       324.514       323.316       324.221     -0.308104        5.1324    -0.0169419   2.63912e+07   2.65561e+07   5.29473e+07   1.93388e+08             0
   3.11052e-06    0.00941223       324.472       323.293       324.206     -0.313881       5.14564    -0.0104735   2.63926e+07   2.66145e+07   5.30071e+07   1.93455e+08             0
   3.12401e-06    0.00941223       324.429        323.27       324.191     -0.320024        5.1591   -0.00368367   2.63939e+07   2.66492e+07   5.30431e+07   1.93519e+08             0
   3.13746e-06    0.00941223       324.387       323.247       324.176     -0.324853       5.17322    0.00308452   2.63952e+07   2.66858e+07    5.3081e+07   1.93581e+08             0
   3.15088e-06    0.00941223       324.345       323.224       324.161     -0.332362        5.1876    0.00972432   2.63963e+07   2.67224e+07   5.31187e+07   1.93641e+08             0
   3.16428e-06    0.00941223       324.302       323.201       324.146     -0.340387       5.20175     0.0165408   2.63974e+07   2.67508e+07   5.31483e+07   1.93701e+08             0
   3.17764e-06    0.00941223        324.26       323.178       324.131     -0.347172       5.21592     0.0230455   2.63986e+07   2.68192e+07   5.32178e+07   1.93761e+08             0
   3.19097e-06    0.00941223       324.218       323.155       324.117     -0.353356       5.22918     0.0289131   2.63996e+07   2.68557e+07   5.32553e+07   1.93818e+08             0
   3.20427e-06    0.00941223       324.176       323.131       324.102     -0.359819       5.24005     0.0346418   2.64008e+07   2.68941e+07   5.32949e+07   1.93878e+08             0
   3.21755e-06    0.00941223       324.133       323.108       324.088     -0.366886       5.25255      0.040342   2.64019e+07   2.69301e+07    5.3332e+07   1.93938e+08             0
   3.23079e-06    0.00941223       324.091       323.085       324.073     -0.372878       5.26442     0.0464625    2.6403e+07   2.69974e+07   5.34004e+07   1.93998e+08             0
   3.24401e-06    0.00941223       324.049       323.062       324.059     -0.378739       5.27726     0.0526337   2.64041e+07   2.70701e+07   5.34742e+07   1.94056e+08             0
    3.2572e-06    0.00941223       324.007       323.038       324.045     -0.385013       5.29047      0.058787   2.64051e+07   2.71105e+07   5.35156e+07   1.94112e+08             0
   3.27036e-06    0.00941223       323.965       323.015       324.031      -0.39173       5.30274     0.0649007    2.6406e+07   2.71373e+07   5.35432e+07   1.94166e+08             0
   3.28349e-06    0.00941223       323.923       322.991       324.017     -0.398388       5.31565     0.0706247   2.64069e+07    2.7176e+07   5.35829e+07    1.9422e+08             0
    3.2966e-06    0.00941223       323.881       322.968       324.003     -0.405825       5.32669     0.0760626   2.64078e+07   2.71975e+07   5.36053e+07   1.94273e+08             0
   3.30968e-06    0.00941223       323.839       322.944       323.989     -0.413737        5.3379     0.0820479   2.64087e+07   2.72288e+07   5.36375e+07   1.94329e+08             0
   3.32274e-06    0.00941223       323.797        322.92       323.975     -0.419784       5.34975     0.0880326   2.64096e+07    2.7277e+07   5.36866e+07   1.94384e+08             0
   3.33577e-06    0.00941223       323.755       322.897       323.962      -0.42598        5.3614     0.0942763   2.64104e+07   2.73204e+07   5.37308e+07   1.94439e+08             0
   3.34877e-06    0.00941223       323.713       322.873       323.948     -0.433413         5.374      0.100296   2.64113e+07   2.73841e+07   5.37954e+07   1.94496e+08             0
   3.36175e-06    0.00941223       323.671        322.85       323.935     -0.441015       5.38675      0.106145   2.64121e+07   2.74197e+07   5.38318e+07    1.9455e+08             0
    3.3747e-06    0.00941223       323.629       322.826       323.921     -0.446979       5.39674      0.111946   2.64128e+07   2.74579e+07   5.38707e+07   1.94603e+08             0
   3.38762e-06    0.00941223       323.587       322.802       323.908     -0.454194       5.40811      0.117628   2.64136e+07   2.74785e+07   5.38921e+07   1.94658e+08             0
   3.40052e-06    0.00941223       323.545       322.778       323.894     -0.461725       5.42003      0.123556   2.64144e+07     2.753e+07   5.39443e+07   1.94712e+08             0
    3.4134e-06    0.00941223       323.503       322.755       323.881     -0.467884       5.43134      0.129714   2.64151e+07   2.75648e+07   5.39799e+07   1.94767e+08             0
   3.42625e-06    0.00941223       323.461       322.731       323.867     -0.474374       5.44343      0.135652    2.6416e+07    2.7612e+07    5.4028e+07   1.94823e+08             0
   3.43907e-06    0.00941223        323.42       322.707       323.854     -0.481937       5.45555      0.141709   2.64167e+07   2.76451e+07   5.40619e+07   1.94877e+08             0
   3.45187e-06    0.00941223       323.378       322.683       323.841     -0.489348       5.46766       0.14751   2.64174e+07   2.76755e+07    5.4093e+07    1.9493e+08             0
   3.46465e-06    0.00941223       323.337        322.66       323.828      -0.49538        5.4792      0.153214   2.64181e+07   2.77291e+07   5.41471e+07   1.94981e+08             0
    3.4774e-06    0.00941223       323.295       322.636       323.815     -0.501297       5.48827      0.158753   2.64186e+07   2.77695e+07   5.41882e+07   1.95033e+08             0
   3.49013e-06    0.00941223       323.253       322.612       323.801     -0.508565       5.49864      0.164458   2.64192e+07   2.78092e+07   5.42284e+07   1.95085e+08             0
   3.50283e-06    0.00941223       323.212       322.588       323.788     -0.515806       5.50957      0.170242   2.64197e+07   2.78428e+07   5.42626e+07   1.95134e+08             0
   3.51551e-06    0.00941223        323.17       322.564       323.775     -0.521722       5.51987      0.176236   2.64203e+07   2.78649e+07   5.42852e+07   1.95185e+08             0
   3.52817e-06    0.00941223       323.129       322.541       323.762     -0.528185       5.53132      0.182036   2.64209e+07   2.79061e+07    5.4327e+07   1.95237e+08             0
    3.5408e-06    0.00941223       323.088       322.517       323.749     -0.536216       5.54274      0.188171   2.64215e+07   2.79799e+07   5.44013e+07   1.95289e+08             0
   3.55342e-06    0.00941223       323.046       322.493       323.736     -0.543739       5.55235      0.193745    2.6422e+07    2.8007e+07    5.4429e+07   1.95341e+08             0
     3.566e-06    0.00941223       323.005       322.469       323.723     -0.549212       5.56151      0.199099   2.64224e+07   2.80193e+07   5.44417e+07   1.95389e+08             0
   3.57857e-06    0.00941223       322.964       322.445        323.71     -0.554964       5.57034       0.20499   2.64228e+07   2.80842e+07    5.4507e+07   1.95438e+08             0
   3.59111e-06    0.00941223       322.923       322.421       323.697     -0.562111       5.58112      0.210583    2.6423e+07   2.81356e+07   5.45586e+07    1.9548e+08             0
   3.60363e-06    0.00941223       322.882       322.398       323.683     -0.569047       5.59157      0.216221   2.64232e+07   2.81495e+07   5.45728e+07   1.95525e+08             0
   3.61613e-06    0.00941223       322.841       322.374        323.67     -0.574589       5.60137      0.222117   2.64234e+07   2.81846e+07    5.4608e+07    1.9557e+08             0
   3.62861e-06    0.00941223       322.799        322.35       323.657     -0.582445       5.61246      0.227967   2.64237e+07   2.82344e+07   5.46581e+07   1.95614e+08             0
   3.64107e-06    0.00941223       322.758       322.327       323.644      -0.58985       5.62251      0.233767    2.6424e+07    2.8274e+07    5.4698e+07    1.9566e+08             0
    3.6535e-06    0.00941223       322.717       322.303        323.63     -0.596683       5.63074      0.238903   2.64242e+07   2.82948e+07    5.4719e+07   1.95702e+08             0
   3.66591e-06    0.00941223       322.676        322.28       323.617     -0.602425       5.63878      0.244297   2.64245e+07   2.83354e+07   5.47598e+07   1.95746e+08             0
   3.67831e-06    0.00941223       322.634       322.257       323.604     -0.610795       5.64824      0.249862   2.64247e+07   2.83912e+07   5.48158e+07   1.95788e+08             0
   3.69068e-06    0.00941223       322.593       322.233       323.591       -0.6182       5.65809      0.255316    2.6425e+07   2.84195e+07   5.48445e+07   1.95832e+08             0
   3.70303e-06    0.00941223       322.552        322.21       323.578     -0.626109       5.66836        0.2608   2.64253e+07   2.84898e+07   5.49152e+07   1.95876e+08             0
   3.71536e-06    0.00941223       322.511       322.187       323.565     -0.632659        5.6778       0.26657   2.64254e+07    2.8504e+07   5.49294e+07   1.95917e+08             0
   3.72767e-06    0.00941223       322.469       322.164       323.552     -0.641072        5.6882      0.272101   2.64255e+07   2.85459e+07   5.49715e+07   1.95957e+08             0
   3.73996e-06    0.00941223       322.428        322.14       323.539     -0.648924       5.69681      0.277434   2.64257e+07   2.85728e+07   5.49985e+07   1.95999e+08             0
   3.75223e-06    0.00941223       322.387       322.117       323.526     -0.657041       5.70473      0.283142   2.64258e+07   2.86178e+07   5.50436e+07    1.9604e+08             0
   3.76448e-06    0.00941223       322.346       322.094       323.513     -0.662641       5.71214      0.288864    2.6426e+07   2.86439e+07   5.50699e+07   1.96084e+08             0
   3.77671e-06    0.00941223       322.304       322.071         323.5     -0.670979       5.72094      0.294675   2.64261e+07   2.86659e+07    5.5092e+07   1.96127e+08             0
   3.78892e-06    0.00941223       322.263       322.048       323.487      -0.67884       5.73071      0.300368   2.64262e+07   2.86947e+07   5.51209e+07    1.9617e+08             0
   3.80111e-06    0.00941223       322.222       322.025       323.474     -0.686366       5.74009      0.306245   2.64265e+07   2.87299e+07   5.51563e+07   1.96213e+08             0
   3.81328e-06    0.00941223       322.181       322.002       323.461     -0.694709       5.74962      0.312328   2.64267e+07   2.88148e+07   5.52415e+07   1.96258e+08             0
   3.82543e-06    0.00941223        322.14       321.979       323.448     -0.700748       5.75701      0.317855   2.64266e+07   2.88365e+07   5.52631e+07   1.96299e+08             0
   3.83757e-06    0.00941223       322.099       321.956       323.435     -0.707995       5.76471      0.323386   2.64267e+07   2.88841e+07   5.53108e+07   1.96339e+08             0
   3.84968e-06    0.00941223       322.058       321.933       323.422     -0.715955       5.77213       0.32925   2.64267e+07   2.89018e+07   5.53284e+07   1.96381e+08             0
   3.86178e-06    0.00941223       322.017        321.91       323.409     -0.724495       5.78076      0.334936   2.64267e+07   2.89324e+07   5.53591e+07   1.96422e+08             0
   3.87386e-06    0.00941223       321.976       321.887       323.396     -0.730889       5.78876      0.340624   2.64268e+07   2.89733e+07   5.54001e+07   1.96463e+08             0
   3.88592e-06    0.00941223       321.935       321.864       323.382     -0.739507       5.79782       0.34665   2.64269e+07   2.90084e+07   5.54352e+07   1.96505e+08             0
   3.89796e-06    0.00941223       321.894       321.841       323.369     -0.748265        5.8081       0.35254    2.6427e+07   2.90331e+07   5.54601e+07   1.96544e+08             0
   3.90998e-06    0.00941223       321.853       321.819       323.356     -0.756669       5.81773      0.358479   2.64271e+07   2.90641e+07   5.54912e+07   1.96583e+08             0
   3.92199e-06    0.00941223       321.812       321.796       323.344     -0.763554       5.82481      0.364329   2.64271e+07   2.91015e+07   5.55286e+07   1.96624e+08             0
   3.93398e-06    0.00941223       321.771       321.773       323.331      -0.77286       5.83342      0.369966   2.64271e+07   2.91692e+07   5.55963e+07   1.96663e+08             0
   3.94596e-06    0.00941223        321.73        321.75       323.318     -0.781004       5.84132      0.375673   2.64271e+07   2.91857e+07   5.56127e+07     1.967e+08             0
   3.95792e-06    0.00941223       321.689       321.727       323.305     -0.789964       5.85075      0.381845    2.6427e+07   2.92299e+07    5.5657e+07   1.96739e+08             0
   3.96986e-06    0.00941223       321.648       321.705       323.292     -0.798353       5.85982      0.387834    2.6427e+07   2.92706e+07   5.56976e+07   1.96778e+08             0
   3.98178e-06    0.00941223       321.607       321.682       323.279     -0.806503       5.86886      0.393737   2.64268e+07   2.93009e+07   5.57278e+07   1.96815e+08             0
   3.99369e-06    0.00941223       321.566       321.659       323.266     -0.814749       5.87745      0.399897   2.64268e+07   2.93219e+07   5.57487e+07   1.96854e+08             0
   4.00559e-06    0.00941223       321.525       321.637       323.254     -0.822628       5.88439      0.405558   2.64267e+07   2.93578e+07   5.57845e+07   1.96892e+08             0
   4.01746e-06    0.00941223       321.484       321.614       323.241     -0.830525        5.8912      0.411185   2.64265e+07    2.9387e+07   5.58135e+07   1.96929e+08             0
   4.02932e-06    0.00941223       321.444       321.591       323.228     -0.839476       5.89829       0.41712   2.64264e+07   2.94146e+07    5.5841e+07   1.96968e+08             0
   4.04117e-06    0.00941223       321.403       321.569       323.215     -0.848128       5.90543      0.422877   2.64263e+07   2.94907e+07   5.59169e+07   1.97006e+08             0
     4.053e-06    0.00941223       321.362       321.546       323.203     -0.856038       5.91347      0.428503   2.64261e+07   2.95142e+07   5.59403e+07   1.97039e+08             0
   4.06481e-06    0.00941223       321.322       321.524        323.19     -0.864274       5.92133      0.434311   2.64258e+07   2.95325e+07   5.59583e+07   1.97075e+08             0
   4.07661e-06    0.00941223       321.281       321.501       323.177     -0.873065       5.92971      0.440084   2.64257e+07   2.95743e+07       5.6e+07   1.97111e+08             0
   4.08839e-06    0.00941223        321.24       321.479       323.165     -0.881946        5.9365      0.445569   2.64255e+07   2.96027e+07   5.60283e+07   1.97145e+08             0
   4.10016e-06    0.00941223       321.199       321.456       323.152     -0.890739       5.94313      0.451192   2.64253e+07   2.96643e+07   5.60896e+07    1.9718e+08             0
   4.11191e-06    0.00941223       321.159       321.433        323.14     -0.899274       5.94969      0.456491    2.6425e+07   2.96864e+07   5.61115e+07   1.97215e+08             0
   4.12364e-06    0.00941223       321.118       321.411       323.127      -0.90787       5.95788      0.462019   2.64249e+07    2.9714e+07   5.61389e+07    1.9725e+08             0
   4.13536e-06    0.00941223       321.078       321.388       323.115     -0.916847       5.96567       0.46775   2.64247e+07   2.97532e+07   5.61779e+07   1.97285e+08             0
   4.14707e-06    0.00941223       321.037       321.366       323.103     -0.925572       5.97424      0.473604   2.64244e+07   2.97835e+07   5.62079e+07    1.9732e+08             0
   4.15876e-06    0.00941223       320.997       321.343       323.091     -0.934347       5.98263      0.479558   2.64243e+07   2.98212e+07   5.62455e+07   1.97357e+08             0
   4.17044e-06    0.00941223       320.956       321.321       323.078     -0.943228       5.99074      0.485549    2.6424e+07   2.98576e+07   5.62816e+07   1.97391e+08             0
    4.1821e-06    0.00941223       320.916       321.298       323.066      -0.95177       5.99709      0.491148   2.64237e+07   2.98943e+07    5.6318e+07   1.97424e+08             0
   4.19375e-06    0.00941223       320.875       321.276       323.054     -0.960969       6.00378      0.496726   2.64234e+07   2.99125e+07    5.6336e+07    1.9746e+08             0
   4.20538e-06    0.00941223       320.835       321.253       323.042     -0.969835       6.01138      0.502867   2.64232e+07   2.99396e+07   5.63629e+07   1.97498e+08             0
     4.217e-06    0.00941223       320.795        321.23        323.03     -0.978402        6.0197      0.508532    2.6423e+07   2.99697e+07   5.63926e+07   1.97532e+08             0
    4.2286e-06    0.00941223       320.754       321.208       323.018     -0.987287       6.02764      0.514526   2.64227e+07   2.99929e+07   5.64156e+07   1.97565e+08             0
   4.24019e-06    0.00941223       320.714       321.185       323.006     -0.996364        6.0358      0.520264   2.64224e+07   3.00467e+07   5.64691e+07   1.97601e+08             0
   4.25177e-06    0.00941223       320.674       321.162       322.994      -1.00541       6.04393      0.526056   2.64222e+07   3.00859e+07   5.65081e+07   1.97638e+08             0
   4.26333e-06    0.00941223       320.633        321.14       322.982      -1.01382       6.05003       0.53172   2.64219e+07   3.01007e+07   5.65226e+07   1.97672e+08             0
   4.27488e-06    0.00941223       320.593       321.117        322.97       -1.0213       6.05569      0.537279   2.64215e+07   3.01596e+07   5.65812e+07   1.97706e+08             0
   4.28641e-06    0.00941223       320.553       321.095       322.958      -1.02983       6.06326      0.542997   2.64212e+07   3.01882e+07   5.66093e+07    1.9774e+08             0
   4.29793e-06    0.00941223       320.513       321.072       322.947      -1.03877       6.07069      0.548873   2.64208e+07   3.02103e+07    5.6631e+07   1.97774e+08             0
   4.30944e-06    0.00941223       320.473        321.05       322.935      -1.04736       6.07844      0.554576   2.64204e+07   3.02329e+07   5.66533e+07   1.97805e+08             0
   4.32093e-06    0.00941223       320.433       321.027       322.923      -1.05534        6.0858      0.560349     2.642e+07   3.02654e+07   5.66853e+07   1.97837e+08             0
   4.33241e-06    0.00941223       320.393       321.005       322.911      -1.06361       6.09294       0.56621   2.64196e+07   3.02885e+07   5.67081e+07   1.97872e+08             0
   4.34388e-06    0.00941223       320.353       320.982         322.9      -1.07209       6.10035      0.571831   2.64192e+07   3.03251e+07   5.67443e+07   1.97906e+08             0
   4.35533e-06    0.00941223       320.313        320.96       322.888      -1.08023       6.10607      0.577199   2.64189e+07   3.03484e+07   5.67673e+07   1.97937e+08             0
   4.36677e-06    0.00941223       320.273       320.937       322.876      -1.08863       6.11301      0.583004   2.64186e+07    3.0393e+07   5.68115e+07   1.97971e+08             0
    4.3782e-06    0.00941223       320.233       320.915       322.865      -1.09578       6.11985      0.588581   2.64184e+07   3.04476e+07   5.68659e+07   1.98007e+08             0
   4.38961e-06    0.00941223       320.194       320.892       322.853      -1.10346       6.12684      0.594143    2.6418e+07   3.04626e+07   5.68806e+07   1.98039e+08             0
   4.40102e-06    0.00941223       320.154        320.87       322.841      -1.11142       6.13377      0.599929   2.64177e+07   3.04974e+07   5.69151e+07   1.98071e+08             0
    4.4124e-06    0.00941223       320.114       320.847        322.83      -1.11964       6.14109      0.605544   2.64175e+07   3.05234e+07    5.6941e+07   1.98104e+08             0
   4.42378e-06    0.00941223       320.074       320.825       322.818      -1.12764       6.14838      0.611047   2.64173e+07   3.05488e+07   5.69661e+07   1.98137e+08             0
   4.43514e-06    0.00941223       320.034       320.802       322.807      -1.13595       6.15535      0.616877    2.6417e+07    3.0576e+07   5.69931e+07   1.98171e+08             0
   4.44649e-06    0.00941223       319.994        320.78       322.795        -1.144       6.16294      0.622326   2.64168e+07   3.06304e+07   5.70472e+07   1.98202e+08             0
   4.45783e-06    0.00941223       319.955       320.757       322.784      -1.15311       6.17037      0.627811   2.64165e+07   3.06597e+07   5.70763e+07   1.98233e+08             0
   4.46916e-06    0.00941223       319.915       320.735       322.772      -1.16223       6.17743      0.633432   2.64162e+07   3.06696e+07   5.70858e+07   1.98264e+08             0
   4.48048e-06    0.00941223       319.875       320.712       322.761      -1.17157       6.18494       0.63889   2.64159e+07   3.07097e+07   5.71256e+07   1.98294e+08             0
   4.49178e-06    0.00941223       319.835        320.69        322.75      -1.18017       6.19141      0.644014   2.64156e+07   3.07725e+07   5.71881e+07   1.98321e+08             0
   4.50308e-06    0.00941223       319.796       320.667       322.739      -1.18951       6.19776      0.649355   2.64152e+07   3.08328e+07    5.7248e+07   1.98349e+08             0
   4.51436e-06    0.00941223       319.756       320.645       322.727      -1.19863       6.20436      0.654477   2.64147e+07   3.08435e+07   5.72582e+07   1.98376e+08             0
   4.52563e-06    0.00941223       319.716       320.622       322.716      -1.20747       6.21103      0.659684   2.64142e+07   3.08578e+07    5.7272e+07   1.98402e+08             0
   4.53689e-06    0.00941223       319.677         320.6       322.705      -1.21665       6.21722      0.665071   2.64138e+07   3.08923e+07   5.73061e+07   1.98429e+08             0
   4.54814e-06    0.00941223       319.637       320.577       322.694      -1.22592       6.22382      0.670384   2.64133e+07   3.09242e+07   5.73375e+07   1.98457e+08             0
   4.55938e-06    0.00941223       319.598       320.554       322.684      -1.23462       6.23065      0.675808   2.64129e+07   3.09472e+07   5.73602e+07   1.98486e+08             0
   4.57061e-06    0.00941223       319.558       320.532       322.673      -1.24316       6.23708      0.681477   2.64125e+07   3.09616e+07    5.7374e+07   1.98515e+08             0
   4.58183e-06    0.00941223       319.519       320.509       322.662      -1.25205       6.24396      0.686915    2.6412e+07   3.10023e+07   5.74143e+07   1.98544e+08             0
   4.59304e-06    0.00941223       319.479       320.487       322.651      -1.26112       6.25075      0.692513   2.64116e+07   3.10205e+07   5.74321e+07   1.98574e+08             0
   4.60423e-06    0.00941223        319.44       320.464        322.64      -1.27013       6.25745      0.697898   2.64112e+07   3.10772e+07   5.74884e+07   1.98604e+08             0
   4.61542e-06    0.00941223       319.401       320.442        322.63      -1.27862       6.26354       0.70351   2.64106e+07   3.10984e+07    5.7509e+07   1.98632e+08             0
    4.6266e-06    0.00941223       319.362       320.419       322.619      -1.28692       6.27025      0.708899     2.641e+07   3.11295e+07   5.75395e+07   1.98659e+08             0
   4.63776e-06    0.00941223       319.322       320.397       322.609      -1.29568       6.27693      0.714303   2.64095e+07   3.11537e+07   5.75632e+07   1.98687e+08             0
   4.64892e-06    0.00941223       319.283       320.374       322.598      -1.30447       6.28295      0.719837    2.6409e+07   3.11889e+07   5.75979e+07   1.98717e+08             0
   4.66006e-06    0.00941223       319.244       320.352       322.587      -1.31313       6.28957      0.725155   2.64084e+07   3.12175e+07   5.76259e+07   1.98744e+08             0
    4.6712e-06    0.00941223       319.205       320.329       322.577      -1.32187       6.29611      0.730518   2.64078e+07   3.12609e+07   5.76688e+07   1.98771e+08             0
   4.68232e-06    0.00941223       319.166       320.307       322.566       -1.3299        6.3026      0.735806   2.64072e+07   3.12822e+07   5.76894e+07   1.98798e+08             0
   4.69344e-06    0.00941223       319.127       320.284       322.556      -1.33861       6.30878      0.741342   2.64066e+07   3.12896e+07   5.76962e+07   1.98827e+08             0
   4.70454e-06    0.00941223       319.087       320.262       322.546       -1.3473       6.31544       0.74662   2.64061e+07   3.13073e+07   5.77134e+07   1.98855e+08             0
   4.71563e-06    0.00941223       319.048       320.239       322.535        -1.356        6.3221      0.751882   2.64055e+07   3.13911e+07   5.77966e+07   1.98883e+08             0
   4.72672e-06    0.00941223       319.009       320.217       322.525      -1.36448       6.32824      0.757357   2.64049e+07   3.14099e+07   5.78148e+07    1.9891e+08             0
   4.73779e-06    0.00941223        318.97       320.194       322.515      -1.37274        6.3347      0.762598   2.64042e+07    3.1424e+07   5.78282e+07   1.98937e+08             0
   4.74886e-06    0.00941223       318.931       320.172       322.505      -1.38113       6.34115      0.767868   2.64036e+07   3.14508e+07   5.78545e+07   1.98963e+08             0
   4.75991e-06    0.00941223       318.892       320.149       322.494      -1.38963       6.34754      0.773167    2.6403e+07   3.14763e+07   5.78793e+07   1.98991e+08             0
   4.77095e-06    0.00941223       318.854       320.127       322.484      -1.39789       6.35343      0.778639   2.64024e+07   3.15005e+07   5.79029e+07   1.99019e+08             0
   4.78199e-06    0.00941223       318.815       320.104       322.474      -1.40591       6.35914      0.783888   2.64018e+07   3.15527e+07   5.79545e+07   1.99047e+08             0
   4.79301e-06    0.00941223       318.776       320.082       322.464      -1.41374       6.36494      0.789024   2.64012e+07   3.15809e+07    5.7982e+07   1.99076e+08             0
   4.80403e-06    0.00941223       318.737       320.059       322.454      -1.42116       6.37054      0.794183   2.64006e+07   3.15988e+07   5.79993e+07   1.99105e+08             0
   4.81504e-06    0.00941223       318.698       320.037       322.444      -1.42857       6.37575       0.79951   2.63999e+07   3.16235e+07   5.80235e+07   1.99134e+08             0
   4.82603e-06    0.00941223        318.66       320.014       322.434      -1.43637        6.3815      0.804629   2.63993e+07    3.1675e+07   5.80742e+07   1.99162e+08             0
   4.83702e-06    0.00941223       318.621       319.992       322.424      -1.44422        6.3872      0.809783   2.63985e+07   3.16931e+07   5.80916e+07   1.99188e+08             0
     4.848e-06    0.00941223       318.582        319.97       322.414      -1.45178       6.39287      0.814944   2.63978e+07   3.17177e+07   5.81154e+07   1.99213e+08             0
   4.85896e-06    0.00941223       318.544       319.947       322.404      -1.45969       6.39797      0.820235    2.6397e+07    3.1743e+07     5.814e+07    1.9924e+08             0
   4.86992e-06    0.00941223       318.505       319.925       322.394      -1.46719       6.40349       0.82533   2.63963e+07   3.17611e+07   5.81574e+07   1.99267e+08             0
   4.88087e-06    0.00941223       318.466       319.902       322.384      -1.47487       6.40904      0.830472   2.63956e+07   3.17992e+07   5.81948e+07   1.99294e+08             0
   4.89181e-06    0.00941223       318.428        319.88       322.374      -1.48228       6.41469      0.835586   2.63949e+07   3.18225e+07   5.82173e+07    1.9932e+08             0
   4.90274e-06    0.00941223       318.389       319.857       322.365      -1.48996       6.41966      0.840828   2.63942e+07   3.18447e+07   5.82389e+07   1.99348e+08             0
   4.91366e-06    0.00941223       318.351       319.835       322.355      -1.49769       6.42478      0.845466   2.63935e+07   3.18834e+07   5.82769e+07   1.99374e+08             0
   4.92458e-06    0.00941223       318.312       319.813       322.345      -1.50503       6.42992      0.850203   2.63928e+07   3.19378e+07   5.83305e+07     1.994e+08             0
   4.93548e-06    0.00941223       318.274        319.79       322.335      -1.51229        6.4349      0.854907    2.6392e+07   3.19822e+07   5.83743e+07   1.99425e+08             0
   4.94638e-06    0.00941223       318.235       319.768       322.326      -1.51976       6.43932      0.859749   2.63912e+07   3.20041e+07   5.83953e+07   1.99448e+08             0
   4.95726e-06    0.00941223       318.197       319.746       322.316      -1.52729       6.44431      0.864372   2.63904e+07   3.20325e+07   5.84229e+07   1.99471e+08             0
   4.96814e-06    0.00941223       318.158       319.723       322.307      -1.53451        6.4497       0.86944   2.63896e+07   3.20532e+07   5.84429e+07   1.99495e+08             0
   4.97901e-06    0.00941223        318.12       319.701       322.297      -1.54196       6.45514      0.874354   2.63889e+07   3.20841e+07   5.84729e+07   1.99519e+08             0
   4.98987e-06    0.00941223       318.081       319.678       322.288      -1.55005       6.46046      0.879339    2.6388e+07   3.21021e+07   5.84901e+07   1.99543e+08             0
         5e-06    0.00941223       318.046       319.658       322.279      -1.55705       6.46572      0.883821   2.63906e+07   3.21211e+07   5.85117e+07   1.99601e+08             0
