          time   rho_mms_err     u_mms_err     v_mms_err     w_mms_err     p_mms_err  rho_residual rhou_residual rhov_residual rhow_residual rhoE_residual
   9.06169e-09   3.36694e-07        644.46       625.541       700.721       20299.1   3.36694e-07      0.751638      0.732833      0.823318       68935.1
   1.90296e-08    7.2393e-07        1313.1       1276.64       1430.76         41830   4.03313e-07      0.779167      0.762625      0.857439       72036.7
   2.99942e-08   1.20489e-06       2002.59       1950.12       2186.81       64603.1   5.14822e-07      0.802906      0.788304      0.887723       74932.6
   4.20553e-08   1.81948e-06       2707.98       2641.27       2964.24       88590.6   6.65757e-07      0.820703      0.809149      0.912682       77537.4
   5.53226e-08   2.61964e-06        3425.2       3346.86       3759.27        113778   8.41257e-07      0.834568      0.826632      0.933472       80008.7
   6.99165e-08   3.56064e-06       4147.29       4059.86       4564.58        140068   1.01429e-06      0.841692      0.833981      0.946453       81921.7
   8.59698e-08   4.68531e-06       4866.35       4773.59       5372.87        167382   1.22446e-06      0.837504      0.833955      0.949957       83236.4
   1.03629e-07   6.12223e-06       5572.77       5480.27        6177.4        195595   1.52818e-06      0.822078      0.824889      0.946117       84141.2
   1.23053e-07   7.90088e-06       6259.75       6172.88       6969.21        224544   1.86997e-06      0.800264      0.809789      0.932733       84813.6
    1.4442e-07   1.00518e-05       6918.59       6843.63       7739.95        254009   2.22248e-06      0.770282      0.786669      0.911229       85184.5
   1.67924e-07   1.26038e-05       7538.54       7482.44       8478.35        280010   2.62776e-06      0.728538      0.752778      0.877978       85757.6
   1.93778e-07   1.55789e-05        8109.3       8079.43       9173.36        306063   3.05548e-06      0.678693      0.710978      0.833044       87713.9
   2.22217e-07   1.89861e-05       8619.68       8623.82       9812.23        327311   3.52138e-06      0.620144      0.660591      0.775435       89560.9
   2.51699e-07   2.24704e-05       9063.63       9105.53       10380.4        341756   3.66762e-06      0.551861      0.599848      0.696678       94478.6
   2.81024e-07   2.59358e-05       9450.82       9528.14       10882.9        352799   3.62945e-06      0.488563      0.530996      0.621487       97869.1
   3.10192e-07   2.94141e-05       9789.86       9898.55       11328.8        365380   3.61844e-06      0.435376      0.472927      0.557156       91479.7
   3.39138e-07   3.28595e-05       10087.5       10227.1       11726.3        373327   3.61147e-06      0.388812      0.424797      0.500232       87135.6
   3.67791e-07   3.63208e-05       10349.9         10517       12084.3        385121   3.61864e-06      0.352283      0.383432      0.455324       87851.3
   3.96153e-07   3.98644e-05       10581.9       10772.9       12405.8        390088   3.68795e-06      0.318468      0.344783      0.413758       87148.3
   4.24229e-07   4.33771e-05       10788.1         11001         12697        397699   3.64382e-06      0.291654      0.315562      0.379448       91787.1
   4.52025e-07   4.68507e-05       10972.1       11205.6       12961.6        400945   3.59068e-06      0.269164      0.290546      0.350349       82696.2
   4.79546e-07   5.01822e-05       11138.5       11389.2       13203.1        411599   3.44822e-06      0.250568      0.267862       0.32409       77479.4
   5.06797e-07   5.34146e-05       11288.4       11555.4       13424.5        420432   3.34328e-06      0.232862      0.248667      0.302281         71576
   5.33783e-07   5.65472e-05       11423.9       11706.4       13628.8        422388   3.27798e-06      0.218632       0.23151      0.282287       85499.4
   5.60511e-07    5.9655e-05         11546       11842.5       13816.2        428344   3.24922e-06       0.20589      0.217146      0.263864       75934.8
   5.86987e-07   6.27102e-05       11656.6       11966.2       13990.2        431521   3.20356e-06      0.195454      0.203782      0.248988       94002.3
   6.13214e-07   6.56719e-05       11758.5       12078.5       14152.5        433508   3.11221e-06      0.184515      0.192778      0.234215         87185
     6.392e-07    6.8545e-05       11851.1       12180.9       14303.1        439858   3.04084e-06      0.173248      0.181264       0.22095       73411.6
   6.64949e-07   7.13423e-05       11936.8       12275.3       14444.5        442115   2.96664e-06      0.164199       0.17191      0.209729       81763.9
   6.90466e-07   7.40654e-05       12016.3         12363       14577.4        450810   2.88619e-06      0.157118      0.165139      0.199994       65463.9
   7.15756e-07    7.6747e-05       12089.8         12444       14702.3        455178   2.83606e-06      0.151996       0.15835      0.189789       68853.3
   7.40825e-07   7.93573e-05       12158.1       12518.4       14820.5        458978   2.76986e-06      0.145688      0.151269      0.181342         73033
   7.65677e-07   8.19083e-05       12221.6       12587.1       14932.3        460653   2.71341e-06      0.139049      0.145011      0.173932       90466.5
   7.90318e-07    8.4388e-05       12281.3       12651.8       15038.7        466403   2.63395e-06       0.13389      0.141304      0.168324       67376.3
   8.14751e-07   8.68144e-05       12337.1       12711.9       15139.6        468315   2.57565e-06      0.129033      0.136514      0.161935       75747.8
   8.38981e-07   8.91943e-05       12389.3       12768.5       15235.8        474229   2.52954e-06      0.124941      0.132388      0.156718       62233.7
   8.63012e-07   9.15333e-05         12439       12821.3       15327.6        477277   2.47927e-06      0.120393      0.128455      0.150668       79844.5
   8.86849e-07   9.38545e-05       12486.3       12871.4       15415.6        479929   2.45823e-06      0.119578      0.125061      0.147253         72594
   9.10496e-07   9.61229e-05       12531.1       12918.3       15499.7        484904   2.40852e-06      0.113972      0.121201       0.14225       63729.8
   9.33957e-07   9.82823e-05       12573.7       12963.8       15580.5        491256   2.33987e-06      0.110894      0.116176      0.137241       56202.2
   9.57235e-07   0.000100455       12615.2       13004.5       15658.9        490126   2.31808e-06      0.107557      0.111008      0.132333       88695.2
   9.80333e-07   0.000102561       12653.5       13044.1       15732.8        494459   2.30441e-06      0.108758       0.10782       0.13301       66600.9
   1.00326e-06    0.00010461       12689.9       13081.8         15804        498235    2.2295e-06      0.102986      0.105013      0.124886       60714.3
   1.02601e-06   0.000106627       12725.8       13117.9       15873.1        502413   2.18902e-06     0.0998887      0.101956      0.121558       69755.9
   1.04859e-06   0.000108614       12759.4       13151.9       15939.9        506816    2.1428e-06     0.0973365     0.0991009      0.118494       56148.7
     1.071e-06   0.000110575       12791.7       13184.5       16004.6        508727   2.12074e-06     0.0960021     0.0975656      0.116574       64234.2
   1.09325e-06   0.000112496       12822.8       13215.9       16067.6        512860   2.07735e-06     0.0935383     0.0947526      0.113794       58931.2
   1.11534e-06    0.00011439         12853       13245.6         16129        516816   2.04218e-06     0.0906895     0.0924872      0.111485         96517
   1.13727e-06   0.000116272       12881.8       13273.9       16188.2        517162   2.03714e-06     0.0923386     0.0917107      0.109022       63123.5
   1.15904e-06   0.000118102       12910.2       13300.8       16245.9        521304   1.98564e-06     0.0881033     0.0894353      0.104692       62318.1
   1.18067e-06   0.000119904       12937.5       13326.6       16301.4        526169   1.97507e-06     0.0894785     0.0871605      0.106498       53849.8
   1.20214e-06   0.000121676       12963.8       13351.9       16355.8        529708   1.91535e-06     0.0841886     0.0854369      0.101146       57332.7
   1.22347e-06   0.000123418       12989.5       13375.9       16408.8        533562   1.88696e-06     0.0823795     0.0830583     0.0989212       56792.5
   1.24465e-06   0.000125146       13014.1       13398.9       16460.6        536181   1.88042e-06     0.0818833     0.0821607     0.0974663       59156.4
   1.26569e-06   0.000126808       13037.8       13422.4       16511.3        538874   1.83373e-06     0.0803454     0.0786862     0.0962457       59881.1
   1.28659e-06   0.000128448       13060.9       13445.2       16561.4        541906   1.80998e-06     0.0791116     0.0773168     0.0946842         87376
   1.30736e-06   0.000130101       13083.3       13466.5         16610        545350   1.81279e-06     0.0809702     0.0790504     0.0946435       53501.7
   1.32799e-06   0.000131698       13105.2       13487.8       16657.3        549052   1.77558e-06     0.0788881     0.0761976     0.0923974       57621.1
    1.3485e-06   0.000133271       13126.2       13508.8       16704.1        550249   1.74307e-06     0.0772209     0.0741008     0.0916766       56836.6
   1.36887e-06   0.000134811       13147.2       13529.3       16750.2        554977   1.71358e-06      0.075124     0.0730214     0.0896342       69619.1
   1.38912e-06   0.000136346       13167.2       13549.1       16795.7        557694    1.7124e-06     0.0765477     0.0718408     0.0883613       53970.9
   1.40924e-06   0.000137871       13187.3       13568.4       16840.7        563741   1.74122e-06     0.0737815     0.0772837      0.089046         46223
   1.42924e-06   0.000139367       13206.5       13586.8       16885.2        564655   1.71708e-06     0.0734962     0.0751987     0.0889787       58021.5
   1.44913e-06   0.000140847       13225.5       13604.8         16929        566673   1.69876e-06     0.0725303     0.0735937      0.088275       79522.3
    1.4689e-06   0.000142307       13243.7       13622.2       16970.6        571109   1.67615e-06     0.0718962     0.0723542     0.0864864       51913.3
   1.48855e-06   0.000143747       13262.2       13639.3       17011.6        573934   1.64753e-06     0.0688009     0.0708741      0.083715       54541.5
    1.5081e-06   0.000145168       13279.4         13656       17051.9        576827   1.62046e-06     0.0682908     0.0699728     0.0831243       50873.5
   1.52753e-06    0.00014657       13296.6       13672.1       17091.5        581763   1.59553e-06     0.0666482     0.0686564     0.0806179       47718.4
   1.54685e-06   0.000147954       13313.3         13688       17131.2        580745   1.57266e-06     0.0656006     0.0673615      0.079809       64537.2
   1.56607e-06   0.000149314         13330       13703.6       17170.2        584636    1.5452e-06     0.0643794     0.0666545     0.0791604       68940.4
   1.58518e-06    0.00015067         13346       13718.8       17209.2        588401   1.54329e-06     0.0664913     0.0655227     0.0783518       43726.4
   1.60419e-06   0.000152018       13362.6       13734.1       17247.9        591348   1.54182e-06     0.0661063     0.0644555     0.0794596       76450.3
    1.6231e-06   0.000153349       13379.1       13748.9         17285        594804   1.52035e-06     0.0643997     0.0633057     0.0786622       52292.5
   1.64191e-06   0.000154653       13394.8       13763.2       17321.5        597812   1.48858e-06     0.0629223      0.062494     0.0765908       47935.8
   1.66062e-06   0.000155944       13410.1       13777.1       17357.6        600789   1.47392e-06     0.0622141     0.0614098     0.0759949       48504.8
   1.67923e-06   0.000157216       13425.6       13790.8       17393.3        604549   1.44913e-06     0.0601941     0.0602627     0.0746102       48202.8
   1.69774e-06   0.000158474       13440.4       13804.2       17428.7        607820   1.43028e-06     0.0603848     0.0595621     0.0734989       48189.8
   1.71616e-06   0.000159706       13454.9       13817.5         17464        608788   1.40793e-06      0.061324     0.0600441     0.0736412       49187.1
   1.73448e-06   0.000160921       13469.2       13830.6       17498.6        613278   1.38474e-06     0.0591727     0.0589715     0.0722695         42954
   1.75272e-06   0.000162135       13483.3       13843.3       17532.6        616738   1.37644e-06      0.058052     0.0576388     0.0706559       90992.2
   1.77086e-06   0.000163331       13497.3       13856.2       17566.4        618346   1.36661e-06     0.0600436      0.057482     0.0703664       50764.6
   1.78891e-06   0.000164519       13511.2         13869       17600.5        620445    1.3603e-06     0.0599526     0.0565635     0.0704317       51898.9
   1.80687e-06   0.000165692       13525.1       13881.6         17633        622596   1.34654e-06     0.0584861     0.0556775     0.0701896       50680.4
   1.82475e-06   0.000166846       13537.9       13894.1       17665.1        626400   1.32652e-06     0.0580027     0.0556435     0.0693461         41738
   1.84255e-06   0.000167982         13551       13906.1       17696.9        628965   1.29941e-06     0.0550301     0.0545797     0.0677706       66433.9
   1.86025e-06   0.000169084       13563.6       13917.6       17728.1        631714   1.27595e-06     0.0539684     0.0554141     0.0670333       46544.6
   1.87788e-06   0.000170173       13575.9       13929.2       17759.4        633016   1.26725e-06     0.0538391     0.0549419      0.066384       52806.3
   1.89542e-06   0.000171252       13588.4       13940.3       17790.1        636945   1.25243e-06      0.052474      0.053664     0.0656901       41502.2
   1.91288e-06   0.000172317       13600.3       13951.5       17820.6        639797   1.23938e-06     0.0521214     0.0527845     0.0650206       74001.6
   1.93026e-06   0.000173384       13612.4       13962.3       17850.3        641503   1.22313e-06     0.0511193     0.0521253      0.063242         52613
   1.94757e-06   0.000174432       13624.2       13973.2       17879.9        645451   1.20353e-06       0.05045      0.051689     0.0620783       64037.4
   1.96479e-06   0.000175478         13636       13983.8       17909.9        647134   1.20687e-06      0.052798     0.0506599     0.0620547       48671.4
   1.98194e-06   0.000176513       13647.4       13994.6       17939.7        650031   1.19875e-06     0.0522243     0.0501109     0.0620199       44316.1
   1.99902e-06   0.000177534       13658.7       14004.4         17969        652047   1.18917e-06     0.0519205     0.0490926     0.0622379       44537.7
   2.01602e-06   0.000178539       13669.8       14014.3       17998.1        655071   1.17587e-06     0.0509193     0.0483616     0.0616518         41118
   2.03295e-06   0.000179531       13680.8       14024.3       18026.5        659006   1.15874e-06     0.0502732     0.0474332     0.0614825       33958.6
   2.04981e-06   0.000180505       13691.7       14034.1       18054.8        661587   1.13476e-06     0.0482097     0.0467205     0.0606289         77266
    2.0666e-06   0.000181467       13702.6       14043.8       18082.3        663767   1.12255e-06     0.0476209     0.0463192     0.0596807       42925.4
   2.08332e-06   0.000182417       13713.2       14053.3       18109.5        666324   1.11208e-06     0.0474288     0.0459467     0.0589704       40379.4
   2.09997e-06   0.000183356       13723.9       14062.6       18136.7        670358   1.10193e-06     0.0466283     0.0452059     0.0581734       39060.3
   2.11656e-06   0.000184282       13734.3       14071.8       18163.7        670829   1.08041e-06     0.0455787     0.0441305     0.0569114         50622
   2.13307e-06   0.000185198       13744.9         14081       18190.8        673637   1.07053e-06     0.0448512     0.0439843     0.0563592       66980.8
   2.14952e-06   0.000186119       13754.9       14089.9       18217.6        676173   1.07485e-06     0.0470608     0.0432267     0.0562859       38710.5
   2.16591e-06   0.000187033       13764.9       14098.8       18244.4        678662   1.06987e-06     0.0469927     0.0426347     0.0565143       43799.2
   2.18223e-06   0.000187939       13774.9       14107.6         18271        681329   1.06145e-06     0.0463034     0.0423131     0.0561245         43189
   2.19849e-06   0.000188838       13784.9       14116.4       18297.7        682888    1.0542e-06      0.046216     0.0417591     0.0557239       75201.6
   2.21469e-06   0.000189721       13794.9         14125       18322.9        685327   1.03178e-06      0.044721     0.0411852     0.0541226       44772.7
   2.23083e-06   0.000190594       13804.4       14133.3       18347.8        687371   1.02361e-06      0.044662     0.0408657     0.0540418       44909.8
   2.24691e-06   0.000191459       13813.6       14141.5       18372.4        690900   1.01455e-06     0.0440522     0.0405756     0.0535331       35057.9
   2.26292e-06    0.00019231       13822.9       14149.5       18396.8        694279   9.99335e-07     0.0423816     0.0402011      0.052829       35490.8
   2.27888e-06   0.000193147       13832.2       14157.5       18421.5        696071   9.83925e-07     0.0417109     0.0397431     0.0521552       41522.2
   2.29478e-06    0.00019397       13841.7       14165.4         18446        698171   9.68236e-07     0.0407679     0.0392978     0.0515803       68963.6
   2.31063e-06     0.0001948       13850.7       14173.2       18470.5        699932   9.78241e-07     0.0426337     0.0388428       0.05144       57887.2
   2.32641e-06   0.000195616       13859.8         14181       18494.7        701730   9.66389e-07      0.041944     0.0385612     0.0512603       75252.8
   2.34214e-06    0.00019643       13868.9       14188.9       18517.9        705147   9.62947e-07     0.0419706     0.0385753      0.050906         34317
   2.35782e-06    0.00019724       13878.1       14196.6       18541.2        706961   9.59234e-07     0.0417413     0.0383475     0.0505771       44717.8
   2.37344e-06   0.000198038       13886.7       14204.1         18564        709704   9.46385e-07     0.0412346     0.0379358     0.0499211       38916.7
   2.38901e-06   0.000198834       13895.6       14211.6       18586.8        712901    9.4388e-07     0.0408285     0.0376881     0.0496742       32967.9
   2.40452e-06   0.000199616         13904       14218.9       18609.6        713772   9.25801e-07     0.0398305     0.0370631     0.0491769       46917.8
   2.41999e-06   0.000200392       13912.5       14226.2       18632.1        716670   9.20117e-07     0.0393109      0.036793      0.049045       36755.4
    2.4354e-06   0.000201158       13920.7       14233.3       18654.2        719944   9.09899e-07     0.0388236     0.0367624     0.0488575       31236.3
   2.45076e-06   0.000201913       13928.8       14240.4       18676.4        722173   8.99365e-07     0.0379954     0.0366805     0.0482848       36318.2
   2.46607e-06    0.00020265       13936.9       14247.4       18698.5        723071     8.831e-07     0.0371479     0.0361235      0.047508       97398.3
   2.48132e-06   0.000203395         13945       14254.5       18720.5        726067   8.88177e-07     0.0387434     0.0358191     0.0466421       33164.6
   2.49653e-06   0.000204129       13953.1       14261.5       18741.7        728050   8.79899e-07     0.0381259     0.0353282     0.0465994         41325
   2.51169e-06   0.000204856         13961       14268.4       18762.7        730039     8.731e-07     0.0379011     0.0351099     0.0464193       38349.7
    2.5268e-06   0.000205581       13968.7       14275.2       18783.7        732080   8.69747e-07     0.0374837     0.0347877     0.0462337       41455.4
   2.54187e-06    0.00020629       13976.3       14281.8       18804.7        734177   8.55863e-07      0.036781     0.0342856     0.0454704       35952.2
   2.55688e-06   0.000206993       13983.9       14288.3       18825.6        737349   8.49612e-07     0.0366571     0.0339049     0.0452596       33033.9
   2.57185e-06   0.000207688       13991.4       14294.7       18846.3        740274   8.42991e-07      0.036307     0.0336674     0.0447717       29339.5
   2.58678e-06   0.000208376       13998.7       14300.9       18866.9        741923   8.32515e-07     0.0352771     0.0330998     0.0449376       42864.1
   2.60166e-06   0.000209058         14006       14307.2       18887.6        743717   8.28769e-07      0.035139      0.032942     0.0449403       78957.6
   2.61649e-06   0.000209729       14013.1       14313.3       18907.6        746073   8.17596e-07     0.0347768     0.0330465     0.0445591         36718
   2.63128e-06   0.000210394       14020.3       14319.4       18927.6        747432   8.13413e-07     0.0344213     0.0328718     0.0442028       69082.1
   2.64602e-06   0.000211057       14027.3       14325.4       18947.6        749779   8.10928e-07     0.0356452     0.0323096     0.0434929       38692.2
   2.66072e-06   0.000211714       14034.1       14331.3       18967.1        752444   8.01896e-07     0.0349383     0.0321209     0.0431814       31398.1
   2.67538e-06   0.000212369       14041.1       14337.3       18986.7        754234   8.01405e-07     0.0341312     0.0318706     0.0427659       37551.3
   2.68999e-06   0.000213008       14048.1       14343.5       19006.2        756968   7.89787e-07     0.0339047     0.0321844     0.0426157       30650.8
   2.70456e-06   0.000213642       14054.9       14349.6       19025.7        758392   7.83311e-07     0.0338101     0.0317639     0.0425526       40947.9
   2.71909e-06   0.000214271       14061.5       14355.5       19044.6        760551   7.74543e-07     0.0331789     0.0314554     0.0424124         34867
   2.73358e-06   0.000214886       14068.2       14361.6       19063.8        762581   7.70714e-07      0.033166     0.0320684     0.0423899       83951.2
   2.74803e-06    0.00021549       14074.7       14367.7       19082.1        764498   7.58349e-07     0.0324621     0.0315004     0.0420998       33432.4
   2.76243e-06   0.000216089       14081.5       14373.7       19100.7        766673   7.60964e-07     0.0320567     0.0314064     0.0419281       39095.8
    2.7768e-06   0.000216683       14087.9       14379.6       19118.9        768401   7.48763e-07     0.0316895     0.0310667     0.0417455       36702.4
   2.79112e-06   0.000217272       14094.3       14385.4       19137.1        770571   7.42536e-07     0.0312288     0.0306662     0.0417161         64353
   2.80541e-06   0.000217856       14100.7       14391.1       19155.4        772612   7.39808e-07     0.0317556     0.0304257     0.0408911       33358.9
   2.81965e-06   0.000218438       14107.1       14396.9       19174.1        773733    7.3722e-07     0.0315242     0.0303189     0.0404277         44474
   2.83386e-06   0.000219018       14113.5       14402.7       19192.5        776380   7.30486e-07      0.031001     0.0298674     0.0401507       30776.9
   2.84803e-06   0.000219591       14119.8       14408.4         19211        778798   7.22973e-07     0.0308476     0.0295784     0.0401642       30529.1
   2.86217e-06   0.000220162       14126.1         14414       19229.1        780656   7.22804e-07     0.0313278     0.0296087      0.040244       72912.2
   2.87626e-06   0.000220729       14132.3       14419.5       19246.6        782417   7.17602e-07     0.0312412     0.0295504     0.0399079         40262
   2.89032e-06   0.000221286       14138.5       14425.2       19263.9        784149   7.06115e-07     0.0305838     0.0294386     0.0395286       33988.8
   2.90434e-06   0.000221841       14144.6       14430.8       19281.4        786277   7.03051e-07      0.030363      0.029267     0.0390905       33613.5
   2.91833e-06   0.000222395       14150.9       14436.3         19299        788080   7.13785e-07     0.0307727     0.0293561     0.0392731       32782.7
   2.93228e-06   0.000222939       14157.1       14441.7       19316.5        790451   7.01622e-07     0.0301938     0.0288513     0.0389747       35392.6
   2.94619e-06   0.000223484         14163       14447.1       19333.7        792272   7.02973e-07     0.0298562     0.0289977     0.0391074       65226.7
   2.96007e-06   0.000224024         14169       14452.5         19351        793575   6.95622e-07     0.0300173     0.0285079      0.038115       36139.2
   2.97391e-06   0.000224556         14175       14457.7       19368.6        795891   6.83131e-07     0.0295207     0.0278501     0.0376395       27075.1
   2.98772e-06    0.00022509         14181       14462.9       19386.3        797793   6.87815e-07     0.0293325     0.0278012     0.0375252       74872.5
    3.0015e-06   0.000225619       14186.7         14468       19402.4        799302    6.7878e-07        0.0293     0.0278228     0.0373794       36890.6
   3.01524e-06   0.000226143       14192.4       14473.1       19418.3        801367   6.74733e-07     0.0291549     0.0275455     0.0371253       32177.9
   3.02895e-06   0.000226661         14198       14478.1       19434.3        803730   6.69129e-07     0.0287661     0.0271613     0.0365563       29556.7
   3.04263e-06   0.000227178       14203.6       14482.9       19450.3        804858   6.66278e-07     0.0286689     0.0271299     0.0366214       41124.8
   3.05627e-06   0.000227687         14209       14487.7       19466.4        807291   6.61313e-07     0.0284351     0.0268977     0.0365265       26868.3
   3.06988e-06   0.000228193       14214.7       14492.6       19482.6        809471   6.61956e-07     0.0279678     0.0268722     0.0362856       32204.6
   3.08346e-06   0.000228697       14220.2       14497.4       19498.5        811600   6.60178e-07     0.0280176     0.0269083      0.036244       29298.2
   3.09701e-06   0.000229196       14225.4         14502       19514.4        812376   6.54267e-07     0.0282297     0.0266643     0.0362033       69492.4
   3.11052e-06   0.000229688       14230.7       14506.7       19530.3        814053   6.37616e-07     0.0273941     0.0257331     0.0352395         72345
   3.12401e-06    0.00023018       14236.1       14511.4       19545.4        816070   6.37436e-07     0.0274014     0.0256514     0.0349565       32158.3
   3.13746e-06    0.00023067       14241.5         14516       19560.3        818076   6.39461e-07     0.0274308     0.0258526     0.0346427       31676.6
   3.15088e-06   0.000231154       14246.7       14520.4       19575.2        820071   6.36198e-07     0.0275355     0.0256739     0.0343698       35642.8
   3.16428e-06   0.000231632       14251.7         14525         19590        822343   6.38956e-07     0.0281856      0.025331     0.0349371       28068.5
   3.17764e-06   0.000232107       14256.6       14529.4       19604.7        823130   6.35977e-07     0.0276684     0.0253499     0.0346682         56757
   3.19097e-06   0.000232574       14261.7       14533.9         19619        824969    6.3905e-07     0.0277793     0.0258041     0.0351616       31728.2
   3.20427e-06   0.000233035       14266.8       14538.4       19633.5        826754   6.26784e-07     0.0271805     0.0252174     0.0348259       36214.9
   3.21755e-06    0.00023349       14271.8       14542.9         19648        828668   6.19038e-07     0.0265729     0.0249253     0.0346539       29506.5
   3.23079e-06   0.000233947       14276.7       14547.2       19662.4        830153   6.21238e-07     0.0264985     0.0250763     0.0348846       78514.2
   3.24401e-06     0.0002344       14281.6       14551.6       19676.3        830941    6.1865e-07     0.0270735     0.0251046     0.0352047       67827.9
    3.2572e-06   0.000234847       14286.5         14556       19689.8        832610   6.11092e-07     0.0269118     0.0245429     0.0345636       38387.4
   3.27036e-06   0.000235296       14291.1       14560.2       19703.2        834902   6.09868e-07     0.0261091     0.0245438     0.0341355       29528.1
   3.28349e-06   0.000235738       14295.8       14564.4       19716.7        836642   6.00891e-07     0.0258396     0.0241439     0.0337346       30792.7
    3.2966e-06   0.000236173       14300.4       14568.5       19730.1        839134    5.9257e-07     0.0254855     0.0236752     0.0335394         24578
   3.30968e-06   0.000236613         14305       14572.6       19743.7        841167   6.00877e-07     0.0255594     0.0238984     0.0335687       29776.2
   3.32274e-06   0.000237048       14309.7       14576.6       19757.4        842343   5.93609e-07     0.0255781     0.0238745     0.0333204       37830.7
   3.33577e-06   0.000237485       14314.1       14580.6       19771.1        843722   5.92606e-07     0.0256833     0.0237686     0.0334078       32812.7
   3.34877e-06   0.000237917       14318.8       14584.6         19785        845184    5.9304e-07     0.0260894     0.0236705     0.0330077       72132.6
   3.36175e-06   0.000238346       14323.5       14588.5       19798.4        846906    5.9055e-07     0.0263613     0.0237701     0.0326371       31842.5
    3.3747e-06   0.000238773       14328.1       14592.4       19811.5        848626   5.81734e-07     0.0255018     0.0233642     0.0324355       36166.6
   3.38762e-06   0.000239195       14332.8       14596.2       19824.7        851096   5.80678e-07     0.0252818     0.0231785     0.0321543       24729.6
   3.40052e-06   0.000239617       14337.6         14600       19838.1        852744   5.85934e-07     0.0255105     0.0234096     0.0322632       64069.5
    3.4134e-06   0.000240041       14342.2       14603.8       19851.7        854395   5.83351e-07     0.0258381     0.0232045     0.0318481       29603.9
   3.42625e-06   0.000240459       14346.9       14607.5       19865.4        855578    5.7758e-07     0.0251104     0.0228642     0.0314552       37605.1
   3.43907e-06   0.000240875       14351.6       14611.3       19878.8        857406   5.75881e-07     0.0249298      0.022667     0.0314166       30268.2
   3.45187e-06   0.000241285       14356.1         14615       19891.9        859301   5.68084e-07     0.0250401     0.0227952     0.0312835       26527.4
   3.46465e-06   0.000241694       14360.5       14618.6       19904.8        861043   5.65469e-07     0.0247167     0.0226322     0.0311962       71194.7
    3.4774e-06   0.000242099       14364.9       14622.2       19917.1        862515   5.55335e-07     0.0242713     0.0222274      0.030707       37440.6
   3.49013e-06   0.000242504       14369.4       14625.8       19929.5        864067   5.63182e-07     0.0247672     0.0224186     0.0305633         32921
   3.50283e-06   0.000242906       14373.8       14629.3       19941.8        865769   5.64193e-07       0.02494     0.0224941     0.0304774       28409.3
   3.51551e-06    0.00024331       14378.3       14632.9       19954.2        867915   5.71819e-07     0.0253893     0.0226336     0.0308364       25251.2
   3.52817e-06   0.000243707       14382.7       14636.3       19966.8        869377   5.58973e-07      0.024499     0.0221523     0.0306095       31389.6
    3.5408e-06   0.000244104       14387.1       14639.8       19979.5        869963   5.58537e-07     0.0243537     0.0221137     0.0306973       69721.6
   3.55342e-06   0.000244495       14391.5       14643.2         19992        871879   5.50636e-07     0.0244706     0.0217721     0.0299636         26490
     3.566e-06   0.000244884       14395.7       14646.6       20004.2        874435   5.43697e-07     0.0240266     0.0215162     0.0300672       21494.5
   3.57857e-06   0.000245275       14399.9         14650       20016.5        875570   5.50146e-07     0.0240199     0.0218829     0.0300368       72531.6
   3.59111e-06   0.000245649         14404       14653.3       20027.7        876494   5.49603e-07     0.0251732     0.0222159     0.0298966       39818.9
   3.60363e-06   0.000246023       14408.3       14656.5       20038.9        878975   5.47412e-07     0.0251464     0.0221579     0.0296903       23330.8
   3.61613e-06   0.000246397       14412.3       14659.8       20050.3        880610   5.46738e-07     0.0250736     0.0220187      0.029718       29937.9
   3.62861e-06   0.000246767       14416.4         14663       20061.8        881851    5.4844e-07     0.0249922     0.0221521     0.0295037       52539.6
   3.64107e-06   0.000247128       14420.6       14666.3         20073        883316   5.31354e-07     0.0237584     0.0213912     0.0296047       38220.6
    3.6535e-06   0.000247484       14424.7       14669.4       20083.9        885449   5.31616e-07     0.0238183     0.0215373     0.0293958       21987.9
   3.66591e-06   0.000247842       14428.6       14672.6         20095        886734   5.26586e-07     0.0233169     0.0212154     0.0292083       31746.8
   3.67831e-06   0.000248195       14432.4       14675.7       20106.2        887846   5.26738e-07     0.0232814     0.0210527     0.0292581         63784
   3.69068e-06   0.000248547       14436.5       14678.8       20117.6        889630   5.26567e-07     0.0232295      0.020977     0.0284826       25470.8
   3.70303e-06   0.000248897       14440.5         14682         20129        890394   5.20526e-07     0.0231529     0.0206431     0.0283813       76574.1
   3.71536e-06   0.000249249       14444.2       14685.1       20139.4        892851   5.20336e-07      0.023282      0.020761     0.0283532       24927.1
   3.72767e-06   0.000249596       14448.1       14688.1       20149.8        894046   5.28665e-07     0.0234239     0.0211424     0.0281512       30458.8
   3.73996e-06   0.000249938       14451.9       14691.2       20160.2        895856    5.0608e-07     0.0221192     0.0200593     0.0276963       26670.1
   3.75223e-06   0.000250284       14455.7       14694.2       20170.7        897048   5.13758e-07     0.0223484     0.0202899     0.0277989       37698.3
   3.76448e-06   0.000250632       14459.7       14697.2       20181.4        898867   5.27658e-07     0.0236817     0.0210117     0.0278521       26121.2
   3.77671e-06   0.000250975       14463.4       14700.1       20192.2        900815    5.1042e-07     0.0229522     0.0201644     0.0277957       23538.2
   3.78892e-06   0.000251314         14467       14703.1       20203.1        902592   4.99211e-07     0.0223008     0.0196367     0.0275927       26705.6
   3.80111e-06   0.000251654       14470.8       14705.9       20214.2        903966   5.20606e-07     0.0232416      0.020637     0.0278873       27507.6
   3.81328e-06    0.00025199       14474.5       14708.8       20225.4        904643     5.033e-07     0.0225527     0.0197853     0.0279481       95883.3
   3.82543e-06   0.000252326       14478.1       14711.7       20235.3        906599   4.95567e-07     0.0227592     0.0196287     0.0268594       25090.6
   3.83757e-06   0.000252657       14481.8       14714.6       20245.3        907549   5.03719e-07     0.0228666     0.0199524     0.0266655         35887
   3.84968e-06   0.000252991       14485.4       14717.5       20255.4        909670   4.94794e-07     0.0222787     0.0194769     0.0265042       23311.7
   3.86178e-06   0.000253322       14489.1       14720.3       20265.7        911261   4.95932e-07     0.0222042     0.0193972     0.0262994       32467.6
   3.87386e-06   0.000253652       14492.8         14723         20276        912425   5.09281e-07      0.022913     0.0199762     0.0263778       30923.4
   3.88592e-06   0.000253978       14496.2       14725.8       20286.5        914119   4.87084e-07     0.0216556     0.0189969     0.0262995         43436
   3.89796e-06     0.0002543       14499.5       14728.5       20296.9        915831   4.86277e-07     0.0220051     0.0191417     0.0267243       22855.2
   3.90998e-06   0.000254622       14503.1       14731.1       20307.5        917344   5.06137e-07     0.0227792      0.020026     0.0267338       26917.7
   3.92199e-06   0.000254943       14506.4       14733.7         20318        918665   4.86288e-07     0.0216403     0.0190474     0.0264581       35948.7
   3.93398e-06   0.000255256       14509.6       14736.3       20328.3        919317   4.78213e-07      0.021079     0.0188295     0.0263643       72388.3
   3.94596e-06   0.000255572         14513       14738.8       20338.2        921412   4.98461e-07     0.0223616     0.0196383     0.0260054       22470.9
   3.95792e-06   0.000255889       14516.3       14741.4       20348.4        923011   4.87345e-07     0.0217039     0.0190748     0.0261637       64297.1
   3.96986e-06   0.000256201       14519.7         14744       20358.2        924181   4.89713e-07     0.0226866     0.0195785     0.0257405       36162.5
   3.98178e-06    0.00025651       14522.9       14746.4       20368.1        925623   4.89784e-07     0.0223218     0.0199537     0.0256575       27344.7
   3.99369e-06   0.000256821       14526.1       14748.9         20378        927496   4.70632e-07     0.0211554     0.0186308     0.0252882       25186.7
   4.00559e-06   0.000257125       14529.3       14751.4       20387.7        928766   4.74154e-07     0.0215391     0.0188185     0.0250659       29176.2
   4.01746e-06   0.000257428       14532.5       14753.9       20397.4        930215   4.77967e-07     0.0214704      0.019113     0.0250704       24647.7
   4.02932e-06    0.00025773       14535.6       14756.3       20407.3        931803   4.59134e-07     0.0200832     0.0182532     0.0249441       32422.7
   4.04117e-06   0.000258029       14538.7       14758.7       20417.2        932583   4.71325e-07     0.0211865      0.018732      0.025024       84600.8
     4.053e-06   0.000258323       14541.9       14761.1       20426.1        934324   4.67084e-07     0.0209551     0.0189076     0.0250621       25695.2
   4.06481e-06   0.000258616       14544.8       14763.3       20435.4        936291   4.55053e-07     0.0204856     0.0186008     0.0250739       22786.6
   4.07661e-06   0.000258902       14547.8       14765.7       20444.7        937431   4.56034e-07      0.020227     0.0183502     0.0248095         36089
   4.08839e-06    0.00025919         14551         14768       20453.8        938978   4.72721e-07      0.020255      0.018605      0.024678       27525.8
   4.10016e-06   0.000259478       14553.7       14770.3         20463        939650   4.54879e-07     0.0194903     0.0177405      0.024632       65782.9
   4.11191e-06   0.000259762       14556.6       14772.7       20472.2        941382   4.58611e-07     0.0202851     0.0177913     0.0241607       24756.9
   4.12364e-06   0.000260043       14559.6         14775       20481.7        942946   4.54417e-07      0.019892     0.0180829     0.0241758       27961.2
   4.13536e-06   0.000260327       14562.5       14777.3         20491        943937   4.50606e-07     0.0194269     0.0180311     0.0241945       34227.3
   4.14707e-06   0.000260612       14565.2       14779.5       20500.5        945306    4.5955e-07     0.0209031     0.0185256     0.0245685       26609.9
   4.15876e-06   0.000260897       14568.2       14781.9       20509.8        947157   4.47778e-07     0.0198047     0.0174556     0.0242834       68873.2
   4.17044e-06   0.000261182       14571.1       14784.2       20518.7        948455   4.52506e-07     0.0199128     0.0177155     0.0239579       31259.9
    4.1821e-06   0.000261463       14574.1       14786.5       20527.5        949708   4.56136e-07     0.0203754     0.0180081     0.0236982       34875.8
   4.19375e-06   0.000261741       14576.9       14788.8       20536.2        951523   4.42868e-07     0.0199197     0.0175155     0.0236135       23132.3
   4.20538e-06   0.000262022       14579.9       14791.1       20545.5        953020   4.62972e-07      0.020959     0.0185605     0.0241247         24998
     4.217e-06   0.000262297       14582.6       14793.3       20554.6        954482   4.52211e-07     0.0202183     0.0177467     0.0238872         27125
    4.2286e-06   0.000262575       14585.3       14795.5       20563.7        956125   4.48056e-07     0.0196942     0.0175965     0.0238328       22774.7
   4.24019e-06    0.00026285       14588.2       14797.8       20572.9        957012   4.52902e-07     0.0204279     0.0178263     0.0237698       66657.6
   4.25177e-06   0.000263122       14591.1       14800.1       20582.3        958013   4.49266e-07     0.0205418     0.0175166     0.0234569       31716.3
   4.26333e-06   0.000263394       14593.7       14802.3       20591.3        959903   4.36696e-07     0.0189457     0.0169962     0.0231694       22008.1
   4.27488e-06   0.000263661       14596.4       14804.3       20600.4        960807   4.40939e-07     0.0201632     0.0178897     0.0232438       71752.5
   4.28641e-06   0.000263929       14599.2       14806.6       20608.7        962308   4.32553e-07     0.0200254     0.0173399     0.0227199       32820.2
   4.29793e-06   0.000264197       14601.9       14808.8         20617        964008   4.24613e-07     0.0193928     0.0170144     0.0227512       25868.5
   4.30944e-06   0.000264462       14604.5       14810.9       20625.4        965665    4.3603e-07     0.0196439      0.017474     0.0226879       24401.3
   4.32093e-06   0.000264726       14607.1         14813       20633.9        966962   4.31918e-07     0.0195894     0.0172393     0.0226443       26526.1
   4.33241e-06   0.000264989       14609.8         14815       20642.6        968563   4.22985e-07     0.0190636     0.0173167      0.022712       24509.7
   4.34388e-06    0.00026525       14612.3       14817.1       20651.1        969621   4.26894e-07     0.0195713     0.0170963     0.0226631       34338.5
   4.35533e-06   0.000265501       14614.8       14819.4       20659.5        971196   4.24996e-07     0.0188599     0.0174607     0.0228159       23970.7
   4.36677e-06   0.000265755       14617.5       14821.6       20668.2        972335    4.2274e-07     0.0184892      0.017398     0.0228849       62138.8
    4.3782e-06   0.000266009       14620.3       14823.8       20677.1        973377   4.34048e-07     0.0199364     0.0180741     0.0227324       72106.6
   4.38961e-06   0.000266253       14622.8       14826.4       20684.8        975285   4.18642e-07      0.019641     0.0180891     0.0221768       21954.7
   4.40102e-06   0.000266497       14625.4       14828.9       20692.7        976430   4.17363e-07     0.0184853     0.0180132     0.0220628       35445.3
    4.4124e-06   0.000266742       14628.4       14831.5       20700.6        977759   4.44815e-07     0.0195664     0.0183948     0.0220735       24366.5
   4.42378e-06   0.000266985       14631.1       14833.9       20708.7        979260   4.43261e-07     0.0197006     0.0186688     0.0222492       26631.6
   4.43514e-06   0.000267228       14633.7       14836.4       20716.8        980576   4.25624e-07     0.0186249      0.017577     0.0220124       26424.7
   4.44649e-06   0.000267466       14636.3       14838.8       20724.9        981147   4.31102e-07     0.0185422     0.0176492     0.0218555       50587.6
   4.45783e-06   0.000267706         14639       14841.3       20732.9        982405   4.36342e-07     0.0191878     0.0179637     0.0225424       26160.3
   4.46916e-06   0.000267946       14641.5       14843.6       20741.1        984319   4.31501e-07     0.0188413      0.018127     0.0226623       18593.1
   4.48048e-06   0.000268183       14643.9       14846.1       20749.1        985378   4.29704e-07     0.0192308     0.0176076     0.0224805       50698.1
   4.49178e-06    0.00026841       14646.4       14848.4       20756.7        986045   4.24681e-07     0.0182161     0.0172847     0.0228897       72016.4
   4.50308e-06    0.00026864       14648.8       14850.8       20763.9        986739   4.10586e-07      0.017627     0.0168934     0.0225791       69865.5
   4.51436e-06   0.000268869       14651.2       14853.3       20770.7        988734   4.18458e-07     0.0189875     0.0172668     0.0218587       20656.8
   4.52563e-06   0.000269097       14653.5       14855.6       20777.8        990609    4.1899e-07     0.0189423     0.0175349     0.0217117       21954.5
   4.53689e-06   0.000269324       14655.8         14858       20784.9        991652   4.16768e-07     0.0186167     0.0170698     0.0215446       27321.5
   4.54814e-06   0.000269549       14658.3       14860.3       20792.2        992844   4.12435e-07     0.0181071     0.0168847     0.0212948       27509.5
   4.55938e-06    0.00026978       14660.6       14862.7       20799.7        994310   4.15794e-07     0.0187505     0.0167212     0.0215459       30969.4
   4.57061e-06   0.000270012       14662.8       14864.8       20807.5        996088   4.22252e-07     0.0190751     0.0171571     0.0217637       18770.2
   4.58183e-06   0.000270241       14665.1         14867       20815.1        996866   4.18428e-07     0.0188223     0.0166782     0.0215446       29972.6
   4.59304e-06    0.00027047       14667.5       14869.3       20822.9        998403   4.13404e-07     0.0181595     0.0164553      0.021424       20956.8
   4.60423e-06   0.000270695       14669.7       14871.4       20830.7        999323    4.1232e-07     0.0183705      0.016528     0.0216005       73742.5
   4.61542e-06   0.000270923       14671.9       14873.6         20838   1.00087e+06   4.13673e-07     0.0187374     0.0163611     0.0211993       24144.9
    4.6266e-06   0.000271146         14674       14875.6       20845.5    1.0021e+06   4.11537e-07     0.0185684     0.0167033     0.0210797       29375.3
   4.63776e-06   0.000271371       14676.1       14877.6         20853   1.00347e+06   4.09407e-07     0.0180103      0.016377     0.0208677       23297.6
   4.64892e-06   0.000271596       14678.3       14879.7       20860.5   1.00494e+06   4.09643e-07     0.0182023     0.0163562     0.0210294       61989.5
   4.66006e-06   0.000271818       14680.4       14881.8       20867.7   1.00613e+06   4.06256e-07     0.0181727     0.0161878     0.0206581       31839.1
    4.6712e-06   0.000272038       14682.5       14883.8       20874.9   1.00686e+06   4.07364e-07     0.0182989      0.016132     0.0206842       32924.9
   4.68232e-06   0.000272258       14684.6       14885.7       20882.2   1.00821e+06   4.04028e-07     0.0180123     0.0163248     0.0206288       21765.7
   4.69344e-06   0.000272478       14686.7       14887.7       20889.5   1.01019e+06   4.00016e-07     0.0176441     0.0157986     0.0206925       16319.9
   4.70454e-06   0.000272695       14688.7       14889.6       20896.8   1.01176e+06   4.00827e-07     0.0177543     0.0158627     0.0206367         20394
   4.71563e-06    0.00027291       14690.8       14891.5       20904.3   1.01168e+06   3.98576e-07     0.0176044     0.0157365     0.0205935       78120.9
   4.72672e-06   0.000273128       14692.8       14893.3       20911.3    1.0132e+06   3.99442e-07      0.017752     0.0162166     0.0202265       23547.3
   4.73779e-06   0.000273344       14694.8       14895.2       20918.2    1.0149e+06   3.94882e-07     0.0175169     0.0155704     0.0199885         20234
   4.74886e-06   0.000273558       14696.8         14897       20925.3   1.01627e+06   3.95342e-07     0.0175518     0.0155487     0.0200049       25363.7
   4.75991e-06   0.000273773       14698.9       14898.8       20932.4   1.01759e+06   3.94647e-07     0.0173851     0.0155579     0.0199658       25111.1
   4.77095e-06   0.000273988       14700.9       14900.5       20939.6   1.01893e+06   3.97608e-07     0.0175034     0.0160369     0.0202064       30006.4
   4.78199e-06   0.000274197       14702.9       14902.3       20946.7   1.01972e+06   3.76581e-07     0.0171542     0.0154694     0.0199904       64294.2
   4.79301e-06   0.000274403       14704.9       14904.1         20954   1.02085e+06   3.71256e-07     0.0168747     0.0152295     0.0196034       27162.4
   4.80403e-06   0.000274609       14706.9       14905.9       20961.2   1.02238e+06   3.71686e-07     0.0169568     0.0151191     0.0195905       22516.1
   4.81504e-06   0.000274816       14708.9       14907.5       20968.3   1.02362e+06   3.72289e-07     0.0169815     0.0155499     0.0197873       21799.1
   4.82603e-06   0.000275019       14710.9       14909.2       20975.3   1.02459e+06   3.64946e-07     0.0164279     0.0149482     0.0195019       73877.5
   4.83702e-06   0.000275221       14712.8       14910.9       20981.7   1.02621e+06   3.67309e-07     0.0169809     0.0149781     0.0190404       24784.4
     4.848e-06   0.000275425       14714.7       14912.5       20988.2   1.02754e+06   3.72611e-07     0.0173035     0.0155841     0.0191703       24866.1
   4.85896e-06    0.00027563       14716.6       14914.2       20994.8   1.02881e+06   3.65374e-07     0.0166656     0.0149535      0.019116       23326.6
   4.86992e-06   0.000275832       14718.6       14915.8       21001.4   1.03029e+06   3.64017e-07     0.0166056     0.0148292     0.0190116       21050.3
   4.88087e-06   0.000276032       14720.6       14917.4       21008.1   1.03119e+06   3.64452e-07     0.0166603     0.0148277     0.0190706       35330.1
   4.89181e-06   0.000276232       14722.3       14918.9       21014.9   1.03253e+06   3.64618e-07     0.0166005     0.0152995     0.0191401       24096.5
   4.90274e-06   0.000276432       14724.3       14920.5       21021.6    1.0338e+06   3.61791e-07     0.0162294     0.0148157     0.0191877       21262.3
   4.91366e-06    0.00027662       14726.1       14922.1       21028.2   1.03496e+06   3.48677e-07     0.0154114     0.0146345     0.0186476       61612.9
   4.92458e-06   0.000276805       14727.9       14923.6       21034.9   1.03546e+06   3.50862e-07     0.0157598     0.0150306     0.0185982       58695.6
   4.93548e-06   0.000276993       14729.7       14925.2       21041.1   1.03664e+06   3.49614e-07     0.0157174     0.0144721     0.0187686       71512.9
   4.94638e-06   0.000277182       14731.6       14926.8       21046.6   1.03802e+06   3.51402e-07     0.0162102     0.0145221     0.0186394       24157.1
   4.95726e-06   0.000277368       14733.5       14928.4       21052.2   1.03918e+06   3.43932e-07     0.0155959       0.01431     0.0183754       26453.4
   4.96814e-06   0.000277561       14735.3       14929.9       21058.3   1.04063e+06   3.58944e-07     0.0167608     0.0150164      0.018729       24386.5
   4.97901e-06   0.000277754       14737.2       14931.4       21064.5    1.0417e+06   3.55309e-07      0.016425      0.014629     0.0185766       32408.4
   4.98987e-06   0.000277951         14739       14932.9       21070.6   1.04316e+06   3.70423e-07     0.0166091     0.0145137     0.0196786       21200.4
         5e-06   0.000278126       14745.8       14938.9       21084.2   1.04434e+06   3.40981e-07     0.0175477     0.0155241     0.0235154       23501.5
