          time          mass          xmom          ymom          zmom     ang_mom_x     ang_mom_y     ang_mom_z         rho_K         rho_e         rho_E         enstr     fuel_prod
             0    0.00941223       330.868       326.783       326.783  -1.03806e-14   8.38218e-15   1.33227e-15   1.92875e+07     2.026e+07   3.95475e+07   5.10552e+07             0
   9.06169e-09    0.00941223       330.754       326.783       326.768   0.000380162   -0.00784395    0.00596954   1.95488e+07   1.98988e+07   3.94476e+07   5.66644e+07             0
   1.90296e-08    0.00941223       330.629       326.783       326.752  -0.000331303    -0.0160944      0.012902   1.98092e+07   1.95284e+07   3.93376e+07    6.2275e+07             0
   2.99942e-08    0.00941223       330.491       326.783       326.734   -0.00186689    -0.0249781     0.0204988   2.00601e+07   1.91566e+07   3.92167e+07   6.77282e+07             0
   4.20553e-08    0.00941223        330.34       326.783       326.713   -0.00453428    -0.0349531     0.0291889   2.02934e+07   1.87902e+07   3.90836e+07   7.28795e+07             0
   5.53226e-08    0.00941223       330.173       326.783       326.691   -0.00834899    -0.0471665     0.0399829   2.05031e+07   1.84342e+07   3.89373e+07   7.76035e+07             0
   6.99165e-08    0.00941223       329.989       326.783       326.667    -0.0116434    -0.0609398     0.0512487   2.06852e+07    1.8091e+07   3.87763e+07   8.18162e+07             0
   8.59698e-08    0.00941223       329.788       326.783        326.64    -0.0174592    -0.0721768     0.0630393   2.08377e+07   1.78689e+07   3.87067e+07   8.54571e+07             0
   1.03629e-07    0.00941223       329.566       326.783       326.611    -0.0234924    -0.0841436     0.0740362   2.09611e+07   1.76077e+07   3.85688e+07    8.8519e+07             0
   1.23053e-07    0.00941223       329.322       326.783       326.579    -0.0305914    -0.0954387     0.0847193    2.1057e+07   1.76001e+07   3.86571e+07    9.1017e+07             0
    1.4442e-07    0.00941223       329.053       326.783       326.543    -0.0416352     -0.103671     0.0956642    2.1128e+07    1.7429e+07    3.8557e+07   9.29984e+07             0
   1.67924e-07    0.00941223       328.758       326.783       326.504    -0.0529932     -0.110719      0.105195    2.1178e+07   1.76009e+07   3.87789e+07   9.45259e+07             0
   1.93778e-07    0.00941223       328.433       326.783       326.461    -0.0674408     -0.113745       0.11334   2.12111e+07   1.75598e+07   3.87709e+07   9.56787e+07             0
   2.22217e-07    0.00941223       328.075       326.783       326.414    -0.0825665     -0.115829      0.120418   2.12308e+07   1.77332e+07    3.8964e+07   9.65345e+07             0
   2.52028e-07    0.00941223         327.7       326.783       326.364    -0.0992254     -0.112201       0.12308   2.12399e+07   1.79217e+07   3.91616e+07   9.71422e+07             0
   2.81757e-07    0.00941223       327.327       326.783       326.315      -0.11163     -0.108161      0.122073   2.12417e+07   1.80815e+07   3.93232e+07   9.75537e+07             0
   3.11405e-07    0.00941223       326.954       326.783       326.266      -0.12642     -0.101479      0.122329    2.1239e+07   1.80436e+07   3.92826e+07   9.78485e+07             0
   3.40974e-07    0.00941223       326.582       326.783       326.216     -0.139934    -0.0917001      0.119556   2.12334e+07   1.84019e+07   3.96352e+07   9.80566e+07             0
   3.70464e-07    0.00941223       326.212       326.783       326.167     -0.155227    -0.0785242       0.11788   2.12257e+07   1.83471e+07   3.95728e+07   9.82156e+07             0
   3.99876e-07    0.00941223       325.842       326.783       326.118     -0.169857     -0.065112      0.115171    2.1217e+07    1.8556e+07    3.9773e+07    9.8343e+07             0
   4.29213e-07    0.00941223       325.473       326.783        326.07     -0.183407    -0.0539791      0.116809   2.12068e+07   1.85586e+07   3.97654e+07   9.84358e+07             0
   4.58473e-07    0.00941223       325.106       326.783       326.021     -0.198519    -0.0401479      0.116939   2.11964e+07   1.87078e+07   3.99042e+07   9.85196e+07             0
   4.87629e-07    0.00941223       324.739       326.783       325.972     -0.213279    -0.0256949       0.11797   2.11852e+07    1.8793e+07   3.99782e+07   9.85811e+07             0
   5.16654e-07    0.00941223       324.374       326.783       325.924     -0.226449     -0.010203      0.116412   2.11738e+07   1.89992e+07   4.01729e+07   9.86385e+07             0
   5.45551e-07    0.00941223       324.011       326.783       325.876     -0.240658    0.00504416      0.116673   2.11621e+07   1.90376e+07   4.01997e+07   9.86897e+07             0
   5.74323e-07    0.00941223       323.649       326.783       325.828     -0.252329     0.0189792      0.115943   2.11503e+07   1.91267e+07    4.0277e+07   9.87375e+07             0
   6.02973e-07    0.00941223       323.289       326.783       325.781     -0.264976     0.0341526      0.116992   2.11381e+07    1.9148e+07   4.02861e+07   9.87774e+07             0
   6.31502e-07    0.00941223       322.931       326.783       325.733     -0.276175     0.0481701      0.116597    2.1126e+07    1.9402e+07    4.0528e+07   9.88128e+07             0
   6.59915e-07    0.00941223       322.574       326.783       325.686     -0.288418     0.0639379      0.116427   2.11138e+07   1.93764e+07   4.04901e+07    9.8848e+07             0
   6.88213e-07    0.00941223       322.218       326.783       325.639     -0.299438     0.0779364      0.116325   2.11014e+07   1.94356e+07    4.0537e+07   9.88798e+07             0
   7.16398e-07    0.00941223       321.864       326.783       325.592     -0.309041     0.0907054      0.117478   2.10888e+07   1.95764e+07   4.06652e+07   9.89037e+07             0
   7.44472e-07    0.00941223       321.511       326.783       325.545     -0.318999      0.103179      0.118216   2.10764e+07   1.96224e+07   4.06988e+07   9.89335e+07             0
   7.72437e-07    0.00941223       321.159       326.783       325.499     -0.331278      0.116717       0.12089   2.10639e+07   1.96297e+07   4.06935e+07   9.89563e+07             0
   8.00296e-07    0.00941223       320.809       326.783       325.452     -0.341762      0.129612      0.120611   2.10519e+07   1.97769e+07   4.08287e+07   9.89885e+07             0
   8.28051e-07    0.00941223        320.46       326.783       325.406     -0.350631      0.142009      0.122126   2.10391e+07   1.98135e+07   4.08526e+07   9.90041e+07             0
   8.55703e-07    0.00941223       320.113       326.783        325.36     -0.361109      0.154598      0.122585   2.10269e+07   1.97748e+07   4.08017e+07   9.90331e+07             0
   8.83254e-07    0.00941223       319.766       326.783       325.315     -0.370889      0.166604       0.12514   2.10141e+07   1.99039e+07   4.09181e+07   9.90473e+07             0
   9.10707e-07    0.00941223       319.421       326.783       325.269     -0.381389      0.179662      0.126876   2.10013e+07   1.98237e+07    4.0825e+07   9.90617e+07             0
   9.38063e-07    0.00941223       319.078       326.783       325.223      -0.39315      0.191224      0.130069   2.09887e+07   2.00128e+07   4.10015e+07   9.90801e+07             0
   9.65323e-07    0.00941223       318.735       326.783       325.178     -0.399735      0.202103      0.129217   2.09762e+07   2.00989e+07   4.10751e+07   9.90976e+07             0
   9.92491e-07    0.00941223       318.393       326.783       325.133     -0.408577      0.211856      0.132179   2.09636e+07   2.00549e+07   4.10185e+07   9.91186e+07             0
   1.01957e-06    0.00941223       318.053       326.783       325.088     -0.416464      0.219499      0.135777   2.09507e+07    2.0106e+07   4.10567e+07   9.91269e+07             0
   1.04655e-06    0.00941223       317.714       326.783       325.043     -0.425884      0.227824      0.139105   2.09381e+07   2.01617e+07   4.10998e+07   9.91407e+07             0
   1.07345e-06    0.00941223       317.376       326.783       324.998     -0.432401      0.235407      0.140949   2.09257e+07   2.01708e+07   4.10965e+07   9.91556e+07             0
   1.10027e-06    0.00941223       317.039       326.783       324.954     -0.441155      0.242244      0.144876   2.09128e+07   2.02385e+07   4.11513e+07   9.91615e+07             0
     1.127e-06    0.00941223       316.703       326.783       324.909     -0.446344      0.248395      0.146686   2.09006e+07   2.02236e+07   4.11242e+07    9.9174e+07             0
   1.15364e-06    0.00941223       316.368       326.783       324.865     -0.454195       0.25481      0.149506   2.08882e+07   2.03793e+07   4.12675e+07   9.91876e+07             0
   1.18021e-06    0.00941223       316.034       326.783       324.821     -0.461382      0.261748      0.152954   2.08754e+07   2.02301e+07   4.11054e+07   9.91911e+07             0
    1.2067e-06    0.00941223       315.701       326.783       324.777     -0.470386       0.26804      0.157437   2.08631e+07   2.03409e+07    4.1204e+07   9.92036e+07             0
    1.2331e-06    0.00941223       315.369       326.783       324.733     -0.477629      0.274747      0.160146   2.08505e+07   2.03772e+07   4.12277e+07   9.92131e+07             0
   1.25944e-06    0.00941223       315.038       326.783       324.689     -0.485575      0.280211       0.16398   2.08384e+07   2.03401e+07   4.11784e+07   9.92258e+07             0
   1.28569e-06    0.00941223       314.708       326.783       324.645     -0.491789      0.285446      0.167127   2.08261e+07   2.04242e+07   4.12503e+07   9.92355e+07             0
   1.31188e-06    0.00941223       314.379       326.783       324.602     -0.499833      0.290856      0.172587   2.08132e+07   2.03975e+07   4.12107e+07   9.92302e+07             0
   1.33799e-06    0.00941223       314.051       326.783       324.558     -0.507399       0.29596       0.17688   2.08011e+07   2.04007e+07   4.12018e+07   9.92378e+07             0
   1.36402e-06    0.00941223       313.724       326.783       324.515     -0.518161      0.300583      0.184889   2.07884e+07   2.04329e+07   4.12213e+07   9.92361e+07             0
   1.38999e-06    0.00941223       313.397       326.783       324.472     -0.525216      0.306807      0.188959   2.07762e+07   2.03548e+07   4.11311e+07   9.92395e+07             0
   1.41589e-06    0.00941223       313.072       326.783       324.429      -0.53518      0.312672      0.194792   2.07642e+07   2.05011e+07   4.12653e+07   9.92506e+07             0
   1.44172e-06    0.00941223       312.747       326.783       324.386     -0.543937      0.317478      0.201893   2.07516e+07   2.04939e+07   4.12456e+07   9.92491e+07             0
   1.46749e-06    0.00941223       312.423       326.783       324.343     -0.554305      0.322622      0.209328   2.07396e+07   2.05693e+07   4.13089e+07   9.92592e+07             0
   1.49319e-06    0.00941223         312.1       326.783         324.3      -0.56177      0.328115      0.214127   2.07272e+07   2.05489e+07   4.12761e+07   9.92575e+07             0
   1.51882e-06    0.00941223       311.778       326.783       324.258     -0.570648      0.332177      0.221565   2.07154e+07    2.0622e+07   4.13374e+07   9.92671e+07             0
   1.54439e-06    0.00941223       311.456       326.783       324.215     -0.579004      0.336337      0.227268   2.07035e+07   2.05053e+07   4.12088e+07   9.92847e+07             0
    1.5699e-06    0.00941223       311.136       326.783       324.173      -0.58671      0.340409      0.234802   2.06913e+07   2.05035e+07   4.11948e+07   9.92878e+07             0
   1.59535e-06    0.00941223       310.816       326.783        324.13     -0.594065      0.343924      0.240512   2.06796e+07   2.05686e+07   4.12482e+07   9.93001e+07             0
   1.62074e-06    0.00941223       310.497       326.783       324.088     -0.602875      0.348057      0.247099   2.06676e+07   2.05491e+07   4.12166e+07   9.93019e+07             0
   1.64607e-06    0.00941223       310.178       326.783       324.046     -0.611076      0.351545      0.253816   2.06556e+07   2.05126e+07   4.11682e+07   9.93043e+07             0
   1.67135e-06    0.00941223       309.861       326.783       324.004     -0.618283      0.355195        0.2615   2.06434e+07   2.05215e+07   4.11649e+07   9.92996e+07             0
   1.69656e-06    0.00941223       309.544       326.783       323.962     -0.626043      0.358594      0.267532   2.06315e+07   2.06718e+07   4.13033e+07    9.9306e+07             0
   1.72172e-06    0.00941223       309.228       326.783        323.92     -0.635282      0.362076      0.276804   2.06195e+07   2.06006e+07     4.122e+07   9.93093e+07             0
   1.74682e-06    0.00941223       308.912       326.783       323.878      -0.64265      0.366504      0.280979   2.06078e+07   2.05887e+07   4.11965e+07   9.93155e+07             0
   1.77188e-06    0.00941223       308.597       326.783       323.837     -0.651493      0.370867      0.288018   2.05959e+07   2.06472e+07   4.12432e+07   9.93188e+07             0
   1.79688e-06    0.00941223       308.283       326.783       323.795      -0.65852      0.374663      0.293121   2.05844e+07   2.05846e+07    4.1169e+07   9.93294e+07             0
   1.82183e-06    0.00941223       307.969       326.783       323.754     -0.667846      0.378184      0.299971   2.05728e+07   2.07239e+07   4.12967e+07   9.93375e+07             0
   1.84673e-06    0.00941223       307.656       326.783       323.712      -0.67377      0.381909       0.30547   2.05609e+07   2.06468e+07   4.12077e+07   9.93377e+07             0
   1.87158e-06    0.00941223       307.344       326.783       323.671     -0.682116      0.384945      0.312349   2.05494e+07   2.05349e+07   4.10843e+07   9.93448e+07             0
   1.89639e-06    0.00941223       307.032       326.783        323.63     -0.690139      0.388132      0.318421    2.0538e+07   2.06264e+07   4.11644e+07   9.93566e+07             0
   1.92114e-06    0.00941223       306.721       326.783       323.588     -0.698836      0.391489      0.325874   2.05262e+07    2.0584e+07   4.11102e+07   9.93601e+07             0
   1.94586e-06    0.00941223        306.41       326.783       323.547      -0.70693      0.394093      0.332332   2.05148e+07   2.06094e+07   4.11242e+07   9.93691e+07             0
   1.97052e-06    0.00941223         306.1       326.783       323.506     -0.715519      0.396876      0.339009   2.05034e+07   2.05951e+07   4.10985e+07   9.93781e+07             0
   1.99515e-06    0.00941223       305.791       326.783       323.465     -0.723085      0.399819       0.34577   2.04916e+07   2.05285e+07   4.10202e+07    9.9378e+07             0
   2.01972e-06    0.00941223       305.482       326.783       323.424     -0.731324      0.402367      0.352159   2.04802e+07    2.0641e+07   4.11212e+07   9.93819e+07             0
   2.04426e-06    0.00941223       305.174       326.783       323.384     -0.737797      0.404752       0.35813   2.04689e+07   2.06195e+07   4.10884e+07   9.93903e+07             0
   2.06875e-06    0.00941223       304.866       326.783       323.343     -0.746081      0.407381      0.365703   2.04572e+07   2.06527e+07     4.111e+07   9.93921e+07             0
    2.0932e-06    0.00941223       304.558       326.783       323.302     -0.750824      0.409722      0.369347   2.04459e+07   2.06629e+07   4.11089e+07   9.93961e+07             0
   2.11761e-06    0.00941223       304.252       326.783       323.262     -0.759574      0.411893      0.376307   2.04347e+07   2.07205e+07   4.11551e+07    9.9407e+07             0
   2.14198e-06    0.00941223       303.945       326.783       323.221     -0.764209      0.413852      0.381359   2.04233e+07   2.06098e+07   4.10331e+07   9.94141e+07             0
    2.1663e-06    0.00941223        303.64       326.783       323.181     -0.770201      0.415285      0.386388   2.04123e+07   2.06334e+07   4.10457e+07   9.94271e+07             0
   2.19059e-06    0.00941223       303.334       326.783        323.14     -0.775469      0.416343      0.391998   2.04012e+07   2.06113e+07   4.10125e+07   9.94376e+07             0
   2.21484e-06    0.00941223       303.029       326.783         323.1     -0.782428      0.417819         0.397   2.03901e+07   2.06931e+07   4.10832e+07   9.94476e+07             0
   2.23905e-06    0.00941223       302.725       326.783        323.06     -0.786206      0.418857      0.400399   2.03789e+07   2.06416e+07   4.10205e+07   9.94516e+07             0
   2.26322e-06    0.00941223       302.421       326.783        323.02     -0.791846      0.420031      0.405687   2.03675e+07   2.06611e+07   4.10286e+07   9.94506e+07             0
   2.28736e-06    0.00941223       302.118       326.783       322.979     -0.797158      0.421296      0.409835   2.03564e+07   2.05948e+07   4.09512e+07   9.94571e+07             0
   2.31145e-06    0.00941223       301.815       326.783       322.939     -0.803969      0.422487      0.414496   2.03454e+07   2.06129e+07   4.09583e+07   9.94635e+07             0
   2.33552e-06    0.00941223       301.513       326.783       322.899     -0.808986      0.423211      0.418294   2.03343e+07   2.06424e+07   4.09767e+07   9.94683e+07             0
   2.35954e-06    0.00941223       301.211       326.783       322.859     -0.813483      0.424253      0.423483   2.03228e+07   2.05974e+07   4.09202e+07   9.94599e+07             0
   2.38353e-06    0.00941223       300.909       326.783       322.819     -0.818265      0.425089      0.427326   2.03116e+07   2.04942e+07   4.08058e+07   9.94555e+07             0
   2.40749e-06    0.00941223       300.608       326.783        322.78     -0.822796      0.425266      0.432515   2.03005e+07   2.07152e+07   4.10156e+07    9.9451e+07             0
   2.43141e-06    0.00941223       300.307       326.783        322.74     -0.825861      0.426446      0.435152   2.02894e+07   2.06116e+07    4.0901e+07   9.94526e+07             0
    2.4553e-06    0.00941223       300.007       326.783         322.7     -0.831291      0.427281      0.439699   2.02784e+07   2.06782e+07   4.09565e+07   9.94545e+07             0
   2.47915e-06    0.00941223       299.707       326.783        322.66     -0.835544      0.427313      0.445594   2.02673e+07      2.07e+07   4.09673e+07   9.94582e+07             0
   2.50297e-06    0.00941223       299.408       326.783       322.621      -0.83918      0.428149      0.448129   2.02565e+07   2.05859e+07   4.08424e+07   9.94698e+07             0
   2.52676e-06    0.00941223       299.109       326.783       322.581     -0.843079       0.42805      0.452789   2.02457e+07   2.06608e+07   4.09065e+07   9.94766e+07             0
   2.55052e-06    0.00941223        298.81       326.783       322.542     -0.845796      0.427981      0.455079    2.0235e+07    2.0612e+07    4.0847e+07   9.94833e+07             0
   2.57425e-06    0.00941223       298.512       326.783       322.502     -0.848418      0.428057      0.459748   2.02239e+07   2.05815e+07   4.08054e+07   9.94826e+07             0
   2.59794e-06    0.00941223       298.214       326.783       322.463     -0.851911      0.427896      0.463336   2.02132e+07   2.06082e+07   4.08215e+07   9.94903e+07             0
   2.62161e-06    0.00941223       297.917       326.783       322.424     -0.854069      0.426794      0.467902   2.02027e+07   2.05698e+07   4.07725e+07   9.94981e+07             0
   2.64524e-06    0.00941223        297.62       326.783       322.384     -0.855492      0.426873      0.469552   2.01919e+07   2.06221e+07    4.0814e+07   9.95053e+07             0
   2.66885e-06    0.00941223       297.323       326.783       322.345     -0.857575       0.42536      0.473928   2.01812e+07   2.05238e+07    4.0705e+07    9.9507e+07             0
   2.69242e-06    0.00941223       297.027       326.783       322.306     -0.858527      0.423639      0.477378   2.01705e+07   2.05537e+07   4.07242e+07   9.95123e+07             0
   2.71596e-06    0.00941223       296.731       326.783       322.267     -0.860392      0.422046      0.482435   2.01595e+07   2.05912e+07   4.07507e+07   9.95072e+07             0
   2.73948e-06    0.00941223       296.435       326.783       322.228     -0.861361      0.421225      0.484224   2.01489e+07   2.05771e+07   4.07261e+07   9.95126e+07             0
   2.76297e-06    0.00941223        296.14       326.783       322.188     -0.863505      0.419415      0.488965   2.01383e+07      2.05e+07   4.06383e+07   9.95142e+07             0
   2.78643e-06    0.00941223       295.845       326.783       322.149     -0.864809      0.418118       0.49075   2.01275e+07   2.05509e+07   4.06784e+07   9.95124e+07             0
   2.80986e-06    0.00941223       295.551       326.783        322.11     -0.866567      0.416772      0.493905    2.0117e+07   2.05003e+07   4.06173e+07   9.95185e+07             0
   2.83326e-06    0.00941223       295.256       326.783       322.072      -0.86949      0.415042      0.499551   2.01061e+07   2.06608e+07   4.07668e+07   9.95139e+07             0
   2.85664e-06    0.00941223       294.963       326.783       322.033     -0.868321      0.413589      0.501251   2.00956e+07   2.04587e+07   4.05543e+07   9.95168e+07             0
   2.87999e-06    0.00941223       294.669       326.783       321.994     -0.869177      0.411653      0.504812   2.00852e+07   2.06358e+07    4.0721e+07   9.95226e+07             0
   2.90331e-06    0.00941223       294.376       326.783       321.955     -0.870687      0.409734       0.50867   2.00745e+07   2.05437e+07   4.06182e+07   9.95232e+07             0
   2.92661e-06    0.00941223       294.083       326.783       321.916     -0.871248      0.407815      0.512414   2.00639e+07   2.04861e+07     4.055e+07    9.9519e+07             0
   2.94988e-06    0.00941223       293.791       326.783       321.878      -0.87121      0.405381       0.51582   2.00534e+07   2.05176e+07   4.05709e+07   9.95173e+07             0
   2.97313e-06    0.00941223       293.498       326.783       321.839     -0.871484      0.403117      0.521279   2.00427e+07   2.05415e+07   4.05842e+07   9.95126e+07             0
   2.99635e-06    0.00941223       293.207       326.783         321.8     -0.872834      0.401272        0.5243   2.00323e+07   2.04851e+07   4.05173e+07   9.95146e+07             0
   3.01954e-06    0.00941223       292.915       326.783       321.762     -0.874539      0.399457       0.52682   2.00218e+07   2.05626e+07   4.05844e+07   9.95144e+07             0
   3.04271e-06    0.00941223       292.624       326.783       321.723     -0.876178      0.397378      0.531468   2.00115e+07   2.06322e+07   4.06437e+07   9.95217e+07             0
   3.06586e-06    0.00941223       292.333       326.783       321.685     -0.875396       0.39522      0.533364   2.00011e+07   2.05378e+07    4.0539e+07   9.95269e+07             0
   3.08898e-06    0.00941223       292.042       326.783       321.646     -0.876109      0.392469      0.537581   1.99911e+07   2.04882e+07   4.04793e+07   9.95383e+07             0
   3.11208e-06    0.00941223       291.752       326.783       321.608     -0.875593      0.389365      0.540809   1.99808e+07    2.0542e+07   4.05228e+07   9.95428e+07             0
   3.13516e-06    0.00941223       291.462       326.783       321.569     -0.875721      0.387183      0.544611   1.99704e+07   2.04654e+07   4.04358e+07   9.95449e+07             0
   3.15821e-06    0.00941223       291.172       326.783       321.531     -0.875077      0.384454      0.547045   1.99603e+07   2.04774e+07   4.04377e+07   9.95531e+07             0
   3.18124e-06    0.00941223       290.883       326.783       321.493     -0.874412      0.381126       0.55061     1.995e+07   2.04074e+07   4.03574e+07    9.9554e+07             0
   3.20425e-06    0.00941223       290.593       326.783       321.455     -0.873171      0.378887       0.55192   1.99398e+07   2.05399e+07   4.04797e+07   9.95566e+07             0
   3.22723e-06    0.00941223       290.305       326.783       321.416     -0.874139      0.375273       0.55684   1.99295e+07   2.05046e+07   4.04342e+07   9.95605e+07             0
    3.2502e-06    0.00941223       290.016       326.783       321.378     -0.873596      0.372287      0.558956   1.99194e+07   2.05471e+07   4.04665e+07   9.95629e+07             0
   3.27314e-06    0.00941223       289.728       326.783        321.34     -0.874072      0.370143      0.561555   1.99092e+07   2.05291e+07   4.04383e+07   9.95664e+07             0
   3.29606e-06    0.00941223       289.439       326.783       321.302     -0.873236      0.367505      0.562466   1.98988e+07   2.04961e+07   4.03949e+07   9.95626e+07             0
   3.31896e-06    0.00941223       289.152       326.783       321.264     -0.871879      0.363884      0.565575   1.98887e+07    2.0401e+07   4.02897e+07   9.95656e+07             0
   3.34184e-06    0.00941223       288.864       326.783       321.226     -0.870707      0.360473      0.568146   1.98786e+07   2.05758e+07   4.04544e+07   9.95688e+07             0
    3.3647e-06    0.00941223       288.577       326.783       321.188     -0.870181      0.357194      0.570916   1.98685e+07   2.03833e+07   4.02519e+07    9.9573e+07             0
   3.38753e-06    0.00941223        288.29       326.783        321.15     -0.869284      0.353585      0.574376   1.98585e+07   2.05185e+07    4.0377e+07    9.9575e+07             0
   3.41035e-06    0.00941223       288.003       326.783       321.112     -0.867815       0.34999      0.576678   1.98485e+07   2.03576e+07   4.02061e+07   9.95811e+07             0
   3.43315e-06    0.00941223       287.716       326.783       321.074     -0.867448       0.34677      0.579902   1.98386e+07   2.04515e+07     4.029e+07   9.95874e+07             0
   3.45592e-06    0.00941223        287.43       326.783       321.036     -0.864986      0.342698      0.582587   1.98285e+07   2.04736e+07   4.03021e+07   9.95878e+07             0
   3.47868e-06    0.00941223       287.144       326.783       320.998     -0.864404      0.339476      0.585087   1.98184e+07   2.04804e+07   4.02988e+07   9.95903e+07             0
   3.50142e-06    0.00941223       286.858       326.783        320.96     -0.862543         0.336      0.587389   1.98084e+07    2.0457e+07   4.02654e+07   9.95922e+07             0
   3.52414e-06    0.00941223       286.573       326.783       320.923     -0.862686      0.333073      0.590404   1.97984e+07   2.04013e+07   4.01997e+07   9.95944e+07             0
   3.54684e-06    0.00941223       286.287       326.783       320.885     -0.861452      0.329817       0.59297   1.97883e+07   2.04196e+07   4.02079e+07   9.95938e+07             0
   3.56952e-06    0.00941223       286.002       326.783       320.847     -0.860145      0.326404      0.595478   1.97785e+07   2.04346e+07   4.02131e+07   9.95996e+07             0
   3.59218e-06    0.00941223       285.717       326.783       320.809     -0.859686      0.322998      0.598645   1.97686e+07   2.04178e+07   4.01865e+07   9.96034e+07             0
   3.61482e-06    0.00941223       285.433       326.783       320.772     -0.857913      0.319889      0.599953   1.97587e+07   2.03448e+07   4.01034e+07   9.96063e+07             0
   3.63745e-06    0.00941223       285.148       326.783       320.734     -0.856698      0.316187       0.60337   1.97489e+07   2.03495e+07   4.00984e+07   9.96114e+07             0
   3.66005e-06    0.00941223       284.864       326.783       320.697     -0.853728      0.312591       0.60533   1.97389e+07   2.03756e+07   4.01145e+07   9.96095e+07             0
   3.68264e-06    0.00941223        284.58       326.783       320.659     -0.853364      0.309014      0.608317   1.97291e+07   2.03274e+07   4.00565e+07   9.96169e+07             0
   3.70521e-06    0.00941223       284.297       326.783       320.621     -0.851169      0.305541      0.610484   1.97194e+07   2.03864e+07   4.01058e+07   9.96207e+07             0
   3.72776e-06    0.00941223       284.013       326.783       320.584     -0.849427      0.301581       0.61295   1.97096e+07   2.04296e+07   4.01391e+07   9.96241e+07             0
    3.7503e-06    0.00941223        283.73       326.783       320.546     -0.847622       0.29894       0.61345   1.96997e+07   2.04185e+07   4.01182e+07   9.96291e+07             0
   3.77282e-06    0.00941223       283.447       326.783       320.509      -0.84517       0.29539      0.615476     1.969e+07   2.03127e+07   4.00027e+07   9.96322e+07             0
   3.79532e-06    0.00941223       283.164       326.783       320.472     -0.843907      0.291821      0.617889   1.96803e+07   2.04068e+07   4.00871e+07   9.96376e+07             0
    3.8178e-06    0.00941223       282.882       326.783       320.434     -0.841635      0.288463      0.620001   1.96706e+07   2.03594e+07     4.003e+07   9.96411e+07             0
   3.84027e-06    0.00941223       282.599       326.783       320.397     -0.840799      0.284767      0.622148   1.96607e+07   2.03602e+07    4.0021e+07    9.9644e+07             0
   3.86272e-06    0.00941223       282.317       326.783        320.36     -0.838301      0.280762      0.624716    1.9651e+07   2.02957e+07   3.99467e+07   9.96408e+07             0
   3.88515e-06    0.00941223       282.035       326.783       320.322     -0.836924      0.277917      0.625024   1.96412e+07   2.03684e+07   4.00096e+07   9.96431e+07             0
   3.90757e-06    0.00941223       281.753       326.783       320.285     -0.833858      0.273921      0.626699   1.96316e+07   2.03031e+07   3.99347e+07   9.96456e+07             0
   3.92998e-06    0.00941223       281.472       326.783       320.248     -0.832002      0.270011      0.629105    1.9622e+07   2.02951e+07   3.99171e+07   9.96515e+07             0
   3.95236e-06    0.00941223        281.19       326.783        320.21     -0.828412       0.26634      0.628856   1.96122e+07    2.0322e+07   3.99343e+07    9.9652e+07             0
   3.97473e-06    0.00941223       280.909       326.783       320.173     -0.827439      0.262676      0.631465   1.96027e+07   2.03421e+07   3.99447e+07    9.9659e+07             0
   3.99709e-06    0.00941223       280.628       326.783       320.136     -0.824158      0.259105      0.632203   1.95929e+07   2.03188e+07   3.99117e+07   9.96573e+07             0
   4.01943e-06    0.00941223       280.347       326.783       320.099     -0.822877      0.255451       0.63448   1.95834e+07   2.03066e+07     3.989e+07   9.96641e+07             0
   4.04175e-06    0.00941223       280.067       326.783       320.062     -0.821748      0.251773      0.637178   1.95738e+07   2.02937e+07   3.98676e+07   9.96678e+07             0
   4.06406e-06    0.00941223       279.786       326.783       320.025     -0.820054      0.248014      0.639411   1.95643e+07   2.02659e+07   3.98302e+07   9.96713e+07             0
   4.08635e-06    0.00941223       279.506       326.783       319.988     -0.819041      0.244329      0.641669   1.95547e+07   2.03094e+07   3.98641e+07   9.96726e+07             0
   4.10863e-06    0.00941223       279.226       326.783       319.951      -0.81718      0.240987      0.642486    1.9545e+07   2.02811e+07   3.98261e+07   9.96729e+07             0
    4.1309e-06    0.00941223       278.946       326.783       319.914     -0.814893      0.236656      0.645587   1.95356e+07   2.02835e+07   3.98191e+07   9.96755e+07             0
   4.15314e-06    0.00941223       278.667       326.783       319.877     -0.811356      0.233387      0.645061   1.95261e+07    2.0318e+07   3.98441e+07   9.96808e+07             0
   4.17538e-06    0.00941223       278.387       326.783        319.84     -0.808274      0.229039      0.647656   1.95165e+07   2.03495e+07   3.98661e+07   9.96827e+07             0
    4.1976e-06    0.00941223       278.108       326.783       319.803     -0.805676      0.225654       0.64838   1.95072e+07   2.03357e+07   3.98429e+07   9.96875e+07             0
    4.2198e-06    0.00941223       277.829       326.783       319.766     -0.802939      0.222102      0.649771   1.94976e+07   2.01635e+07   3.96611e+07   9.96901e+07             0
   4.24199e-06    0.00941223        277.55       326.783       319.729     -0.801274      0.218352      0.652086   1.94883e+07   2.03104e+07   3.97986e+07   9.96963e+07             0
   4.26417e-06    0.00941223       277.271       326.783       319.692     -0.798166      0.214364      0.653731   1.94787e+07   2.02258e+07   3.97045e+07   9.96974e+07             0
   4.28633e-06    0.00941223       276.992       326.783       319.655     -0.796759      0.210823      0.655394   1.94694e+07   2.02456e+07   3.97151e+07   9.97032e+07             0
   4.30848e-06    0.00941223       276.714       326.783       319.618     -0.794104       0.20667      0.656834   1.94599e+07    2.0268e+07   3.97279e+07   9.97018e+07             0
   4.33061e-06    0.00941223       276.436       326.783       319.581     -0.792603      0.202817      0.658779   1.94505e+07   2.02117e+07   3.96622e+07   9.97049e+07             0
   4.35274e-06    0.00941223       276.158       326.783       319.545      -0.78884      0.198749      0.659986   1.94411e+07   2.02354e+07   3.96766e+07   9.97091e+07             0
   4.37484e-06    0.00941223        275.88       326.783       319.508     -0.786892      0.194668      0.661505   1.94316e+07   2.02698e+07   3.97015e+07   9.97093e+07             0
   4.39694e-06    0.00941223       275.602       326.783       319.471     -0.783615      0.190569      0.663635   1.94224e+07   2.02486e+07   3.96709e+07   9.97151e+07             0
   4.41902e-06    0.00941223       275.325       326.783       319.434     -0.781869      0.186924      0.665052    1.9413e+07   2.01922e+07   3.96052e+07   9.97186e+07             0
   4.44109e-06    0.00941223       275.047       326.783       319.398     -0.780296      0.182816      0.667428   1.94037e+07   2.02095e+07   3.96132e+07   9.97211e+07             0
   4.46314e-06    0.00941223        274.77       326.783       319.361     -0.777438      0.179149      0.668918   1.93944e+07   2.02845e+07   3.96789e+07   9.97256e+07             0
   4.48518e-06    0.00941223       274.493       326.783       319.324     -0.774704      0.175293      0.671007   1.93852e+07   2.01799e+07   3.95651e+07   9.97322e+07             0
   4.50721e-06    0.00941223       274.216       326.783       319.288     -0.770459      0.171295      0.671801   1.93759e+07   2.01671e+07    3.9543e+07   9.97318e+07             0
   4.52923e-06    0.00941223       273.939       326.783       319.251     -0.767965      0.166733      0.674067   1.93665e+07   2.02279e+07   3.95944e+07   9.97316e+07             0
   4.55123e-06    0.00941223       273.663       326.783       319.214     -0.765285      0.163091      0.674696   1.93573e+07   2.02092e+07   3.95664e+07   9.97369e+07             0
   4.57322e-06    0.00941223       273.386       326.783       319.178     -0.762937      0.158719      0.677651    1.9348e+07   2.02032e+07   3.95512e+07   9.97411e+07             0
    4.5952e-06    0.00941223        273.11       326.783       319.141     -0.759109      0.154779      0.678164   1.93389e+07   2.02454e+07   3.95843e+07   9.97423e+07             0
   4.61717e-06    0.00941223       272.834       326.783       319.105     -0.756737      0.151009      0.679976   1.93296e+07   2.01469e+07   3.94765e+07   9.97484e+07             0
   4.63912e-06    0.00941223       272.558       326.783       319.068     -0.753699      0.147173      0.681847   1.93205e+07   2.01509e+07   3.94714e+07   9.97527e+07             0
   4.66106e-06    0.00941223       272.282       326.783       319.032     -0.750992      0.142429      0.684511   1.93114e+07    2.0186e+07   3.94974e+07   9.97576e+07             0
   4.68299e-06    0.00941223       272.007       326.783       318.995     -0.747589      0.139117       0.68525   1.93021e+07   2.01431e+07   3.94452e+07   9.97593e+07             0
   4.70491e-06    0.00941223       271.731       326.783       318.959     -0.743993      0.135185      0.686467    1.9293e+07   2.01873e+07   3.94803e+07   9.97647e+07             0
   4.72681e-06    0.00941223       271.456       326.783       318.922     -0.741905      0.130501      0.689358   1.92838e+07   2.01798e+07   3.94636e+07   9.97664e+07             0
    4.7487e-06    0.00941223       271.181       326.783       318.886     -0.737343      0.125989      0.690515   1.92747e+07   2.01176e+07   3.93923e+07   9.97698e+07             0
   4.77058e-06    0.00941223       270.906       326.783        318.85     -0.735227      0.122362      0.692098   1.92655e+07   2.01503e+07   3.94159e+07   9.97722e+07             0
   4.79245e-06    0.00941223       270.631       326.783       318.813     -0.733074      0.117934      0.694405   1.92565e+07   2.01197e+07   3.93761e+07   9.97775e+07             0
   4.81431e-06    0.00941223       270.356       326.783       318.777     -0.729511      0.114186      0.694534   1.92474e+07   2.01716e+07   3.94189e+07   9.97789e+07             0
   4.83616e-06    0.00941223       270.082       326.783       318.741     -0.727024      0.110398      0.696309   1.92383e+07   2.01643e+07   3.94026e+07   9.97819e+07             0
   4.85799e-06    0.00941223       269.807       326.783       318.704     -0.724077      0.106115      0.698222   1.92292e+07   2.01303e+07   3.93594e+07   9.97822e+07             0
   4.87981e-06    0.00941223       269.533       326.783       318.668     -0.721326      0.101733      0.700471   1.92201e+07    2.0214e+07   3.94341e+07   9.97853e+07             0
   4.90162e-06    0.00941223       269.259       326.783       318.632      -0.71748     0.0981749      0.700503   1.92111e+07   2.01272e+07   3.93382e+07   9.97894e+07             0
   4.92343e-06    0.00941223       268.985       326.783       318.595     -0.714717     0.0938951      0.702838   1.92019e+07   2.01281e+07   3.93301e+07   9.97907e+07             0
   4.94521e-06    0.00941223       268.711       326.783       318.559     -0.711895     0.0904833      0.702856    1.9193e+07   2.02062e+07   3.93991e+07   9.97946e+07             0
   4.96699e-06    0.00941223       268.437       326.783       318.523     -0.707226     0.0865836       0.70416    1.9184e+07   2.01023e+07   3.92863e+07   9.97988e+07             0
   4.98876e-06    0.00941223       268.164       326.783       318.487     -0.705154     0.0822001      0.707282   1.91751e+07   2.02221e+07   3.93971e+07   9.98043e+07             0
         5e-06    0.00941223       268.022       326.783       318.468     -0.702553     0.0798339      0.707542   1.91704e+07   2.01028e+07   3.92732e+07   9.98042e+07             0
