          time   rho_mms_err     u_mms_err     v_mms_err     w_mms_err     p_mms_err  rho_residual rhou_residual rhov_residual rhow_residual rhoE_residual
   9.06169e-09   3.36102e-07       784.177       802.583       1004.21       48172.2   3.36102e-07       0.91596      0.942718       1.18008        132476
   1.90296e-08   7.29426e-07       1507.95       1539.66       1939.39       96008.2   4.12421e-07      0.844785      0.865826       1.09852        128456
   2.99942e-08   1.20309e-06       2162.64       2202.95       2791.74        142927   5.06462e-07      0.764634       0.78004       1.00154        123370
   4.20553e-08   1.77988e-06       2743.15       2787.43       3550.63        188487   6.20531e-07      0.678654      0.688211      0.892652        117550
   5.53226e-08   2.50059e-06       3248.32       3293.13       4210.91        232349   7.58129e-07      0.591575      0.599026      0.777036        111550
   6.99165e-08   3.35611e-06       3680.05       3723.42       4771.49        274311    8.8504e-07      0.508826      0.515949       0.66194        105845
   8.59698e-08   4.36686e-06       4042.03       4084.34       5236.56        300383   1.04722e-06      0.431264      0.441215      0.553277        109935
   1.03629e-07   5.51333e-06       4341.68       4383.74       5614.09        332497   1.18149e-06      0.364779      0.378542      0.456398        105559
   1.23053e-07    6.8024e-06       4586.05       4630.36       5913.88        337099   1.32663e-06      0.308204      0.328498      0.371868        130639
    1.4442e-07   8.18332e-06       4783.34       4832.42       6146.78        363413   1.46301e-06      0.263036      0.288602      0.303195        114651
   1.67924e-07   9.73464e-06        4941.9       5000.06        6323.9        354500   1.61459e-06      0.228205       0.26105      0.249117        153365
   1.93778e-07   1.14511e-05       5069.75       5141.35       6458.26        372493   1.77265e-06       0.20265      0.241788      0.211622        138460
   2.22217e-07   1.33126e-05       5173.54       5262.53       6558.67        370246   1.92245e-06      0.185162      0.227465      0.185091        185615
   2.52028e-07   1.52274e-05       5255.61       5364.86       6632.58        369751   1.97623e-06      0.165269         0.209      0.162919        193303
   2.81757e-07   1.70658e-05       5318.95       5448.64       6684.93        371174   1.91826e-06      0.143297       0.18418      0.138663        176362
   3.11405e-07   1.89023e-05       5369.76       5519.67       6723.09        391791   1.90239e-06      0.128903      0.165388      0.124163        170041
   3.40974e-07    2.0746e-05       5410.97       5581.49       6753.06        374402   1.89901e-06      0.118345      0.150826       0.11322        187845
   3.70464e-07   2.25307e-05       5445.69       5635.14       6777.04        394197   1.83492e-06      0.109507      0.135946        0.1054        161674
   3.99876e-07   2.43132e-05        5475.3       5683.39       6797.45        390633   1.82409e-06      0.102751      0.125428     0.0979183        180699
   4.29213e-07   2.60292e-05       5500.29       5724.95          6812        402891   1.77861e-06     0.0986227      0.116362     0.0939027        168727
   4.58473e-07   2.77427e-05       5522.36       5763.65       6826.51        401486   1.76714e-06     0.0938733      0.108973     0.0878207        141187
   4.87629e-07   2.94633e-05       5541.44        5797.7       6837.86        406558    1.7805e-06      0.092406      0.104163     0.0845703        185342
   5.16654e-07    3.1125e-05       5558.95       5829.29       6848.94        399201   1.71352e-06     0.0885022     0.0961442     0.0798656        189418
   5.45551e-07   3.27496e-05       5574.79       5857.22       6858.05        406150   1.68401e-06     0.0857075     0.0909018     0.0769112        160912
   5.74323e-07   3.43319e-05        5589.6       5883.64       6865.87        410557   1.66412e-06     0.0839753     0.0887686     0.0738155        151526
   6.02973e-07   3.58878e-05       5602.73       5906.26       6872.14        417111   1.63179e-06     0.0814511     0.0827371     0.0715567        162793
   6.31502e-07   3.74337e-05       5614.74       5928.78        6878.7        404496   1.62905e-06     0.0803255     0.0801886     0.0687239        178411
   6.59915e-07   3.89661e-05       5625.94       5948.42       6885.36        417169   1.59107e-06     0.0773551     0.0756943     0.0676926        172037
   6.88213e-07   4.04502e-05       5636.85       5967.05       6891.87        420267   1.56301e-06     0.0771657     0.0732491     0.0636174        136570
   7.16398e-07   4.19306e-05       5646.89       5983.17       6895.95        415072   1.54897e-06      0.075397     0.0711477     0.0633905        175577
   7.44472e-07    4.3386e-05       5657.08       5998.78       6900.81        420296   1.52244e-06     0.0738553      0.069053     0.0600675        149548
   7.72437e-07   4.48191e-05       5666.61        6012.2       6905.52        426684   1.49333e-06     0.0723395     0.0654532     0.0587669        163951
   8.00296e-07   4.62377e-05        5676.6       6027.15       6911.09        419911   1.48911e-06     0.0722791      0.066233      0.056736        161357
   8.28051e-07   4.76518e-05       5684.88       6039.25       6913.43        425167   1.45976e-06      0.070315     0.0630192     0.0575974        163495
   8.55703e-07   4.90188e-05       5694.36       6051.25       6917.93        434044   1.42804e-06     0.0695947     0.0611634     0.0535023        130124
   8.83254e-07   5.03776e-05       5702.65          6061       6920.99        428142    1.4137e-06     0.0680759      0.059618      0.052341        137776
   9.10707e-07   5.16255e-05       5709.82       6069.63       6923.67        440887   1.36417e-06     0.0668972     0.0580634     0.0495036        142453
   9.38063e-07   5.28688e-05       5717.93       6078.11       6926.69        429143   1.36191e-06     0.0666654      0.057269     0.0484639        172933
   9.65323e-07   5.40749e-05        5725.9       6086.96       6928.77        426567   1.32402e-06     0.0653382     0.0565128     0.0471047        159976
   9.92491e-07   5.51505e-05        5734.7       6094.25       6930.22        436091   1.26535e-06     0.0618701     0.0541948      0.044439        137349
   1.01957e-06   5.61752e-05       5743.05       6099.97       6931.11        436537   1.23028e-06     0.0607912     0.0540312     0.0438615        163275
   1.04655e-06   5.72653e-05       5751.69       6106.18       6933.12        435381    1.2298e-06     0.0598482     0.0517018     0.0432814        141461
   1.07345e-06   5.83202e-05       5760.09       6112.33       6933.97        439402   1.25318e-06     0.0602629     0.0527952     0.0429486        137407
   1.10027e-06   5.93347e-05       5767.66       6116.83       6934.92        437517    1.2078e-06     0.0592946     0.0481898     0.0431597        152247
     1.127e-06   6.04162e-05       5776.57       6122.84       6936.78        441957   1.22318e-06     0.0596235     0.0508748     0.0425371        137362
   1.15364e-06   6.14339e-05       5784.57       6127.48       6938.02        432833   1.20555e-06      0.058161     0.0493414     0.0405728        155077
   1.18021e-06   6.24259e-05       5791.92       6131.83       6938.55        450057   1.16011e-06     0.0574364      0.046632     0.0401766        148325
    1.2067e-06   6.34346e-05       5800.16       6136.38       6939.78        442972    1.1726e-06     0.0569695     0.0464839      0.039217        147195
    1.2331e-06    6.4418e-05       5807.85       6140.33       6940.91        441865   1.14102e-06     0.0559539     0.0455002     0.0387074        147280
   1.25944e-06   6.53972e-05       5816.36       6144.14       6942.05        448316   1.15031e-06       0.05629     0.0465548     0.0377298        133017
   1.28569e-06   6.63723e-05       5825.17       6148.25       6943.27        442918   1.12346e-06     0.0555985     0.0435414     0.0381495        157880
   1.31188e-06   6.72888e-05       5832.51       6150.08       6943.31        447352   1.10545e-06     0.0559648     0.0443717     0.0406442        131934
   1.33799e-06   6.82121e-05       5841.03       6153.64       6943.99        449743   1.12242e-06      0.055286     0.0448452     0.0380818        129863
   1.36402e-06   6.91058e-05       5848.51       6155.76       6944.75        448660   1.09543e-06     0.0554835     0.0432141     0.0388641        137555
   1.38999e-06   7.00108e-05       5857.14       6158.65       6944.93        456473   1.09396e-06     0.0543964     0.0428463     0.0366751        122088
   1.41589e-06    7.0907e-05       5865.58       6161.72       6945.86        446197   1.09436e-06     0.0538491     0.0427194     0.0364164        146195
   1.44172e-06   7.17663e-05       5873.26        6163.9       6945.69        449251    1.0602e-06     0.0538867     0.0407817     0.0370749        175624
   1.46749e-06   7.26242e-05       5881.94       6166.74       6946.35        444556    1.0504e-06      0.052988     0.0402504     0.0352769        145089
   1.49319e-06   7.34558e-05       5889.92       6168.36       6946.96        447984   1.02494e-06     0.0529673     0.0406966      0.035389        147454
   1.51882e-06   7.43197e-05       5899.24       6170.68       6947.49        443803   1.05007e-06     0.0526456     0.0413307     0.0352837        140057
   1.54439e-06   7.51585e-05       5908.68       6173.02        6948.2        456138   1.00535e-06     0.0518352     0.0382129     0.0336954        120331
    1.5699e-06   7.60072e-05       5917.35       6174.06       6948.12        456386   1.01083e-06     0.0515323     0.0387124     0.0348859        125692
   1.59535e-06   7.68616e-05       5926.68       6176.52       6948.46        451972   1.01742e-06     0.0511669     0.0397116     0.0331725        140028
   1.62074e-06   7.76934e-05       5935.75       6177.77       6948.59        454397   9.92846e-07     0.0508263     0.0364723     0.0335801        122322
   1.64607e-06   7.85265e-05       5944.81       6179.12       6948.58        458316   9.88918e-07     0.0502744     0.0366988     0.0317307        133154
   1.67135e-06   7.93362e-05       5953.68        6180.1       6948.71        457983   9.67459e-07     0.0503376     0.0379871     0.0333067        125030
   1.69656e-06   8.01293e-05       5963.13       6181.51       6948.97        445214   9.41983e-07     0.0495184     0.0349194     0.0312946        173427
   1.72172e-06   8.08896e-05       5972.39       6182.22       6948.82        453643    9.1662e-07     0.0490717     0.0360912     0.0311236        142646
   1.74682e-06   8.16644e-05       5982.09       6183.73       6949.29        455232   9.64572e-07     0.0511825     0.0387674     0.0322188        132742
   1.77188e-06   8.24335e-05       5991.31        6184.5        6949.1        451355   9.41085e-07     0.0495715     0.0367899     0.0318595        139874
   1.79688e-06   8.32043e-05       6001.56       6186.24       6949.13        456696   9.42964e-07     0.0496131     0.0352515     0.0317582        117781
   1.82183e-06   8.39782e-05       6011.61       6187.14       6949.35        446402   9.35849e-07      0.048607     0.0350404     0.0304905        149875
   1.84673e-06   8.47227e-05       6021.26       6188.22          6949        454320   9.12068e-07      0.048529     0.0361759     0.0311217        120699
   1.87158e-06   8.54705e-05       6031.73       6189.53       6949.29        464443    9.0513e-07      0.048302      0.033652     0.0303843        122293
   1.89639e-06   8.62236e-05       6041.85       6190.98       6949.62        455731   9.36334e-07      0.049216      0.036301     0.0320093        146179
   1.92114e-06   8.69497e-05       6051.77       6191.25       6949.32        459700   8.90843e-07     0.0475768     0.0347809     0.0297231        120959
   1.94586e-06   8.76706e-05       6062.48       6192.46       6949.57        457361   8.79081e-07     0.0471603     0.0326341     0.0284616        121204
   1.97052e-06   8.84052e-05       6073.14       6193.19       6949.65        458707   8.92685e-07     0.0468686     0.0329815     0.0282602        112708
   1.99515e-06   8.91202e-05       6083.18       6193.53       6949.28        463756   8.70276e-07     0.0468543     0.0342167     0.0288551        126869
   2.01972e-06    8.9842e-05       6093.94       6193.88       6949.59        453834   8.94176e-07     0.0479959     0.0348898     0.0292233        162194
   2.04426e-06   9.05292e-05       6105.28       6195.15       6949.65        455773   8.33784e-07     0.0463481     0.0318796     0.0277323        139574
   2.06875e-06   9.12011e-05        6115.8       6195.39       6949.32        453953    8.1686e-07     0.0458967     0.0319508     0.0276258        139748
    2.0932e-06   9.18973e-05        6126.9       6196.17       6949.62        453621    8.5866e-07     0.0472234     0.0338732     0.0288205        138325
   2.11761e-06   9.25768e-05       6138.27       6196.96       6949.58        449286   8.17539e-07     0.0453516     0.0294776     0.0264065        130114
   2.14198e-06   9.32543e-05       6149.42       6197.63       6949.24        459873   8.15402e-07     0.0458581     0.0325328     0.0278834        117313
    2.1663e-06   9.39747e-05       6160.93       6199.15        6949.5        457505   8.73224e-07     0.0468673     0.0335296     0.0288729        124979
   2.19059e-06   9.46539e-05       6172.89       6200.06       6949.47        459499   8.12555e-07     0.0450531      0.029973     0.0265752        130463
   2.21484e-06   9.53254e-05       6184.55       6200.86       6949.48        451978    7.9692e-07     0.0444202     0.0289223     0.0256591        150357
   2.23905e-06    9.5981e-05       6196.49       6201.98       6949.42        457364   7.88509e-07     0.0446305     0.0309496      0.025969        126160
   2.26322e-06    9.6617e-05       6207.75       6202.22       6949.09        455881   7.64678e-07     0.0443531     0.0310548     0.0258409        136162
   2.28736e-06   9.72651e-05       6219.87       6202.98        6948.9        460716   7.67303e-07     0.0440649     0.0283837     0.0253391        122367
   2.31145e-06    9.7927e-05       6231.61       6204.02       6948.94        458292   7.95883e-07      0.044973     0.0294061     0.0264226        114936
   2.33552e-06   9.85843e-05       6243.81       6204.54       6948.91        456351   7.78122e-07     0.0436353     0.0297319     0.0247142        134208
   2.35954e-06   9.92156e-05       6255.29       6203.93       6948.06        459987   7.87756e-07     0.0456113     0.0309424     0.0283115        107578
   2.38353e-06   9.98706e-05       6267.28       6204.13       6947.72        467960   7.79269e-07      0.044112     0.0291417     0.0262899        109505
   2.40749e-06   0.000100548       6279.49       6204.35       6947.27        448906    8.0178e-07     0.0439312     0.0299191     0.0272464        172567
   2.43141e-06   0.000101152       6291.82       6204.93       6947.04        457960   7.53808e-07     0.0447332      0.027778     0.0262422        120940
    2.4553e-06   0.000101781       6304.26       6205.45       6946.76        451452   7.47436e-07     0.0430908      0.026989     0.0249027        146685
   2.47915e-06   0.000102383       6316.78       6205.87       6945.98        451290   7.25462e-07      0.043629     0.0299673     0.0259805        129249
   2.50297e-06   0.000103015       6329.65       6206.58        6945.9        460394   7.51166e-07     0.0427441     0.0282543     0.0241788        120289
   2.52676e-06   0.000103633       6342.96       6207.29       6945.73        453731   7.32126e-07     0.0427458     0.0263209     0.0249882        122589
   2.55052e-06   0.000104262       6355.72       6208.33       6945.88        457486   7.61483e-07     0.0436513     0.0279014     0.0255066        117311
   2.57425e-06   0.000104842       6368.25       6208.63       6944.61        461501   7.48072e-07     0.0434083      0.029585     0.0266344        128268
   2.59794e-06   0.000105442       6381.62       6209.24       6945.01        456828   7.13964e-07     0.0421244     0.0249167     0.0231847        116059
   2.62161e-06   0.000106055       6395.33       6210.01       6945.06        460595   7.28609e-07     0.0421908     0.0264677     0.0238173        141341
   2.64524e-06   0.000106618       6408.48       6211.24       6944.55        455012    7.3047e-07     0.0427309     0.0265881     0.0244629        127717
   2.66885e-06   0.000107202       6422.11        6211.4       6944.42        463074   7.04147e-07     0.0419567     0.0257973     0.0257033        113069
   2.69242e-06   0.000107791       6435.83       6211.74       6944.83        459038   7.03143e-07     0.0416778     0.0254355     0.0246295        120078
   2.71596e-06   0.000108329       6448.79        6211.6       6943.91        455806   7.04825e-07      0.042445     0.0280765     0.0259411        137867
   2.73948e-06   0.000108931       6462.44       6212.16       6944.06        457080    7.2124e-07     0.0416995     0.0271101     0.0242643        135809
   2.76297e-06   0.000109512       6476.55       6212.58       6943.95        463136   6.94093e-07     0.0415195     0.0247984     0.0242109        115465
   2.78643e-06   0.000110062       6490.14       6212.75       6943.35        457496   7.20335e-07     0.0424158     0.0254242     0.0245055        120630
   2.80986e-06   0.000110653       6504.26       6212.97       6943.49        460328    7.0336e-07     0.0410564      0.025649      0.023213        126633
   2.83326e-06   0.000111157       6517.94       6212.87       6942.72        447421   6.75827e-07     0.0417811     0.0261603     0.0244685        153650
   2.85664e-06   0.000111674       6532.44       6212.94       6943.45        464533   6.55633e-07     0.0422243     0.0252247     0.0234522        108019
   2.87999e-06   0.000112239       6547.13       6213.61        6943.6        449442   6.77764e-07     0.0411284     0.0252043     0.0237014        147623
   2.90331e-06   0.000112728       6561.35       6213.48       6943.19        456448   6.55501e-07     0.0414542     0.0232152     0.0231458        121451
   2.92661e-06   0.000113278       6575.78       6213.06       6943.18        460962   6.61763e-07      0.040689     0.0240866     0.0228336       97759.8
   2.94988e-06   0.000113796       6590.11       6213.45       6942.79        457379   6.88195e-07      0.041216     0.0255591     0.0236873        131854
   2.97313e-06   0.000114338        6604.3       6212.79       6942.58        455528   6.79128e-07     0.0411047     0.0278205     0.0243003        135931
   2.99635e-06   0.000114864       6618.96       6213.07       6942.55        459800   6.38044e-07      0.040266     0.0225484     0.0220319        109953
   3.01954e-06   0.000115381       6633.15       6213.66       6942.16        451749   6.84619e-07      0.041566     0.0243228     0.0241786        156110
   3.04271e-06   0.000115887       6648.51       6213.78       6942.36        447415   6.26399e-07     0.0400561     0.0244577     0.0219446        143240
   3.06586e-06   0.000116358       6663.77        6214.4       6941.94        454928   6.22073e-07     0.0402503     0.0219156     0.0220537        102405
   3.08898e-06   0.000116864       6679.44       6214.97       6942.38        459665   6.13851e-07     0.0398226     0.0225442     0.0213338        113452
   3.11208e-06   0.000117358       6694.64       6215.78       6942.09        453719   6.47169e-07     0.0400467     0.0232701     0.0214354        128404
   3.13516e-06   0.000117847       6709.34       6215.63       6941.99        460445   6.35152e-07     0.0413604     0.0260396     0.0237202        107979
   3.15821e-06   0.000118359       6724.98       6216.28       6942.34        458004   6.21868e-07      0.039545     0.0216741     0.0209159        112196
   3.18124e-06   0.000118862       6740.52       6216.64       6941.88        463819   6.50131e-07     0.0398332     0.0237269     0.0221159        112859
   3.20425e-06   0.000119383       6755.92       6216.43       6942.27        451061   6.53562e-07     0.0406799      0.024261     0.0224553        163964
   3.22723e-06   0.000119826       6771.81       6216.93        6941.7        454230    5.8886e-07     0.0393183     0.0203755      0.020101        125463
    3.2502e-06   0.000120321       6787.53       6217.31       6941.97        450652   6.02071e-07     0.0391517     0.0215852     0.0203319        136732
   3.27314e-06   0.000120807       6803.32       6217.53       6941.92        452158    5.9378e-07     0.0390006     0.0221242     0.0203654        135857
   3.29606e-06   0.000121235       6818.69       6217.73        6941.5        455244   6.12597e-07     0.0418959     0.0209645     0.0229753        107730
   3.31896e-06   0.000121715       6834.91       6217.97       6941.77        462860   5.85793e-07     0.0389769      0.021352     0.0201308        113481
   3.34184e-06   0.000122183       6850.87       6218.44       6941.46        446564   6.12185e-07     0.0390951     0.0219668     0.0209879        135389
    3.3647e-06   0.000122647       6867.03       6218.53        6941.5        462921   5.70969e-07     0.0385562     0.0196472     0.0190342       97057.2
   3.38753e-06   0.000123121       6882.86       6219.33        6941.3        451808   6.35776e-07     0.0401469     0.0230211     0.0221548        129019
   3.41035e-06   0.000123598       6899.17       6219.21       6941.63        464433   5.84603e-07     0.0383801     0.0208463     0.0186315        116079
   3.43315e-06   0.000124088       6915.49       6219.16       6941.75        454915   5.98177e-07     0.0383467     0.0214059     0.0191944        135649
   3.45592e-06   0.000124505       6932.07        6219.7       6941.45        452196   5.70595e-07     0.0390921     0.0197759      0.020147        139249
   3.47868e-06   0.000124944        6948.6       6219.87       6941.64        451744   5.45103e-07     0.0382157     0.0197388     0.0183947        121868
   3.50142e-06   0.000125369       6965.03       6220.59        6941.3        454085   5.70373e-07     0.0386287     0.0211487     0.0192179        122352
   3.52414e-06   0.000125809       6981.72       6220.53       6941.53        457811   5.42524e-07     0.0381455     0.0188163      0.018439        117481
   3.54684e-06   0.000126248       6998.38       6221.03       6940.72        456126   5.74548e-07     0.0383778     0.0203022     0.0195336        125158
   3.56952e-06   0.000126701       7015.25       6221.17       6941.26        453713   5.52644e-07     0.0378754     0.0195905     0.0179904        120957
   3.59218e-06    0.00012715        7031.9       6221.49       6941.28        455955   5.81024e-07     0.0391352     0.0207856     0.0198079        114294
   3.61482e-06   0.000127573       7048.62       6221.67       6941.06        460528   5.61241e-07     0.0381612       0.01851     0.0181686        109331
   3.63745e-06   0.000128028       7065.79       6221.72       6941.26        458989   5.57731e-07     0.0378439     0.0201069     0.0182237        127628
   3.66005e-06   0.000128464       7082.73       6222.05       6940.66        455777   5.89237e-07     0.0385845     0.0220091     0.0200173        119422
   3.68264e-06   0.000128881       7100.19       6221.94        6941.1        459179   5.27325e-07       0.03786     0.0178527      0.017567        124284
   3.70521e-06   0.000129295       7117.53       6222.25       6941.66        453049   5.20557e-07     0.0374968     0.0181395     0.0176817        129284
   3.72776e-06   0.000129688       7134.86        6222.8       6941.38        449835   5.40706e-07     0.0377729      0.019298     0.0175477        153148
    3.7503e-06   0.000130087       7152.21       6223.02       6941.55        450539   5.09554e-07     0.0375563     0.0173927     0.0174256        110227
   3.77282e-06   0.000130493       7169.36       6223.88        6941.2        458852   5.69337e-07     0.0388245     0.0206546     0.0198783        106909
   3.79532e-06   0.000130919          7187       6223.77       6941.59        450866   5.35557e-07     0.0375674      0.019309     0.0176801        122162
    3.8178e-06   0.000131329       7204.73       6223.56       6941.76        454136   5.23548e-07     0.0373454     0.0179439      0.017625        139850
   3.84027e-06   0.000131703       7222.34       6223.82       6941.34        453809   5.12174e-07     0.0374617     0.0172985     0.0173126        101659
   3.86272e-06    0.00013213       7240.05       6223.67       6941.41        458813   5.29151e-07     0.0373449     0.0198876       0.01772        115309
   3.88515e-06   0.000132538       7257.11       6224.19          6941        451252   5.73293e-07     0.0385562      0.020965     0.0197242        122532
   3.90757e-06   0.000132943       7275.25       6224.41       6941.14        456378   5.16945e-07     0.0372728     0.0180023     0.0174757        121533
   3.92998e-06    0.00013333       7293.32       6224.68       6941.53        457224   4.99926e-07      0.036928     0.0179717     0.0168468        114581
   3.95236e-06   0.000133708        7311.1        6225.1       6941.09        453533    5.3418e-07     0.0376392     0.0190049     0.0178167        140425
   3.97473e-06   0.000134086        7329.3       6225.26       6941.33        451555   4.80308e-07      0.036773     0.0159885     0.0159774        115190
   3.99709e-06   0.000134469       7347.25       6225.66       6940.96        453611   5.27608e-07     0.0373737     0.0185959     0.0180309        127825
   4.01943e-06   0.000134859       7365.56       6225.67       6941.41        453542   4.94727e-07     0.0369518     0.0175767     0.0162171        120712
   4.04175e-06   0.000135217       7383.48       6226.11       6940.97        454755   5.23384e-07     0.0381607     0.0188019     0.0182804        119209
   4.06406e-06   0.000135602       7401.89       6226.05       6941.56        455536   4.88865e-07     0.0366843     0.0170272     0.0161193        113377
   4.08635e-06      0.000136       7420.28          6226       6941.52        452252   5.04456e-07     0.0368277     0.0184062     0.0162592        119628
   4.10863e-06   0.000136355       7438.52        6226.2       6941.15        453731   5.01242e-07     0.0370559     0.0160358     0.0165728        118288
    4.1309e-06   0.000136749       7457.26       6226.28       6941.27        453946   5.07219e-07     0.0367313     0.0176975      0.016499        145379
   4.15314e-06   0.000137113        7475.7       6226.77        6941.5        449592   4.80058e-07     0.0366149     0.0168203     0.0162408        121007
   4.17538e-06   0.000137446       7494.46       6227.14       6941.31        446751   4.82242e-07     0.0368414     0.0163218     0.0172052        146410
    4.1976e-06   0.000137813       7512.81       6227.48       6941.76        448154   4.95769e-07     0.0376724     0.0188918     0.0176292        108568
    4.2198e-06   0.000138167       7531.55       6227.46        6941.4        462727   4.88534e-07     0.0366501     0.0176318     0.0168193       96329.8
   4.24199e-06   0.000138553       7550.42       6227.57       6941.73        448916   4.95524e-07     0.0366321     0.0180717     0.0166838        126550
   4.26417e-06   0.000138901       7569.28       6227.82       6941.35        455940   4.86826e-07     0.0366866     0.0163143     0.0163398        128279
   4.28633e-06    0.00013927       7587.86       6228.22       6941.84        453147   4.90667e-07     0.0374629     0.0175186     0.0171233        106034
   4.30848e-06   0.000139632       7606.63       6228.61       6941.26        450471    5.0497e-07     0.0367702     0.0183485     0.0163755        129344
   4.33061e-06    0.00013999       7625.69        6228.4       6941.44        455472   4.65169e-07     0.0361382     0.0157135     0.0152683        106999
   4.35274e-06   0.000140364       7644.91       6228.49       6941.66        452277   4.82425e-07     0.0363935     0.0167986     0.0166014        124986
   4.37484e-06   0.000140703       7663.85       6228.59       6941.23        449475   4.72584e-07     0.0363264     0.0164983     0.0157804        125312
   4.39694e-06   0.000141048       7683.29       6228.95       6941.54        451934    4.5503e-07     0.0362616     0.0157398     0.0160411        125577
   4.41902e-06   0.000141378       7702.33       6229.06       6941.38        455131   4.62806e-07     0.0362039     0.0147065     0.0153395        111842
   4.44109e-06   0.000141746       7721.68        6229.2       6941.42        453006   4.72448e-07     0.0363072     0.0170243     0.0153821        134156
   4.46314e-06   0.000142055       7740.65       6230.11       6941.48        445886   4.72032e-07     0.0372814     0.0166973       0.01706        130794
   4.48518e-06   0.000142386       7760.29       6230.08       6941.86        455046   4.37212e-07     0.0360239      0.015404      0.014393        100322
   4.50721e-06   0.000142748       7779.71       6230.42       6941.96        455914   4.67008e-07     0.0360958     0.0172327     0.0159488        107938
   4.52923e-06   0.000143061       7799.13       6230.58       6941.62        449621   4.55682e-07     0.0361137     0.0150658     0.0155545        150303
   4.55123e-06   0.000143384       7818.72        6230.6       6941.85        450669   4.25284e-07     0.0359045     0.0146963     0.0148074        116634
   4.57322e-06     0.0001437       7838.31       6230.72       6941.63        451402   4.49661e-07     0.0359438     0.0158825     0.0147716        123227
    4.5952e-06   0.000144039       7857.69        6231.1        6942.3        446317   4.69002e-07     0.0369326      0.016985     0.0174403        124653
   4.61717e-06   0.000144356       7877.34       6231.29       6941.77        455057   4.49981e-07     0.0359502     0.0153109     0.0151222        104338
   4.63912e-06   0.000144717       7897.25       6231.09       6942.12        454223   4.64068e-07     0.0359571     0.0163101     0.0156147        107130
   4.66106e-06   0.000145048       7917.19       6231.25       6942.47        450656   4.42525e-07      0.035649     0.0141896     0.0141382        138476
   4.68299e-06    0.00014536        7936.9       6231.51       6942.21        453409   4.46632e-07     0.0359094     0.0148231     0.0156985        103046
   4.70491e-06   0.000145691       7956.81       6231.79       6942.66        449221   4.34252e-07     0.0356107     0.0154452     0.0148122        149133
   4.72681e-06   0.000145976        7976.4       6232.12       6942.55        449459   4.41742e-07     0.0367787     0.0160778     0.0155877        105739
    4.7487e-06   0.000146294       7996.53       6232.09       6942.85        453732   4.21052e-07     0.0356145     0.0147711     0.0148015        115625
   4.77058e-06   0.000146613       8016.29       6232.46       6942.47        450445   4.48129e-07     0.0357461     0.0154075     0.0153207        113148
   4.79245e-06   0.000146924       8036.48       6232.51       6942.65        452942   4.13816e-07     0.0354088     0.0136196     0.0137329        132427
   4.81431e-06   0.000147241       8056.02       6233.29       6942.61        447520   4.74054e-07     0.0368229     0.0167695     0.0166767        116488
   4.83616e-06   0.000147582       8076.09       6233.31       6942.38        448606   4.49095e-07      0.035505     0.0166826     0.0145759        132406
   4.85799e-06   0.000147903       8096.33       6233.39       6942.52        451539   4.28076e-07     0.0353918     0.0146952     0.0144404        101375
   4.87981e-06   0.000148211       8116.46       6233.45       6942.35        443819   4.39517e-07     0.0355207      0.014023     0.0143041        152345
   4.90162e-06   0.000148509       8136.67       6233.78        6942.4        451059   4.03867e-07     0.0354432     0.0148486     0.0140891        101498
   4.92343e-06    0.00014878       8157.03       6234.27       6942.19        450875   4.07971e-07     0.0355001     0.0136554     0.0139995        120368
   4.94521e-06   0.000149087       8177.01       6234.37       6942.67        442856   4.28525e-07     0.0362885     0.0156875     0.0157075        128585
   4.96699e-06   0.000149393        8197.5       6234.67       6942.44        452917   4.36912e-07     0.0355954     0.0159398     0.0151857        116619
   4.98876e-06   0.000149691       8218.17       6234.69       6942.89        442144   3.97841e-07     0.0351543     0.0136073     0.0135257        139480
         5e-06   0.000149889        8228.4       6234.84       6942.89        452813    2.6869e-07     0.0190628     0.0103184    0.00974076       54061.4
