          time          mass          xmom          ymom          zmom     ang_mom_x     ang_mom_y     ang_mom_z         rho_K         rho_e         rho_E         enstr   rho_mms_err     u_mms_err     v_mms_err     w_mms_err     p_mms_err
             0    0.00941223       32.6783       16.3392       6.53567  -4.44089e-16  -3.55271e-15  -1.33227e-15       73316.7     2.026e+07   2.03333e+07       15253.8             0    2.7192e-13   1.34455e-13   4.60538e-14   1.15542e-10
         1e-08    0.00941223       32.6783       16.3392       6.53567    4.6652e-11  -6.32383e-12   1.99396e-13       73316.7     2.026e+07   2.03333e+07       15253.8   3.10504e-10     0.0106012    0.00198287     0.0181073      0.387966
         2e-08    0.00941223       32.6783       16.3392       6.53567    9.3447e-11  -1.49054e-11   2.56284e-12       73316.7     2.026e+07   2.03333e+07       15253.8   5.84495e-10     0.0207301    0.00380738     0.0351776      0.730731
         3e-08    0.00941223       32.6783       16.3392       6.53567   1.25893e-10  -1.49729e-11   2.51337e-11       73316.7     2.026e+07   2.03333e+07       15253.8   8.35588e-10     0.0303266      0.005517     0.0510942       1.04462
         4e-08    0.00941223       32.6783       16.3392       6.53567   1.51651e-10  -6.29718e-12   7.01785e-11       73316.7     2.026e+07   2.03333e+07       15253.8   1.06881e-09      0.039418    0.00712766     0.0658984       1.33563
         5e-08    0.00941223       32.6783       16.3392       6.53567   1.72829e-10    8.0842e-12   1.44038e-10       73316.7     2.026e+07   2.03333e+07       15253.8    1.2868e-09     0.0480382     0.0086426     0.0796689       1.60689
         6e-08    0.00941223       32.6783       16.3392       6.53567   1.91077e-10   2.63212e-11   2.47763e-10       73316.7     2.026e+07   2.03333e+07       15253.8   1.49146e-09     0.0562283     0.0100642     0.0924904       1.86065
         7e-08    0.00941223       32.6783       16.3392       6.53567   2.05568e-10   4.79714e-11   3.81535e-10       73316.7     2.026e+07   2.03333e+07       15253.8   1.68434e-09     0.0640215     0.0113959      0.104445       2.09876
         8e-08    0.00941223       32.6783       16.3392       6.53567   2.15326e-10   7.37481e-11   5.41654e-10       73316.7     2.026e+07   2.03333e+07       15253.8   1.86685e-09     0.0714471     0.0126416      0.115612        2.3229
         9e-08    0.00941223       32.6783       16.3392       6.53567   2.19906e-10   1.04014e-10   7.22521e-10       73316.7     2.026e+07   2.03333e+07       15253.8   2.04028e-09     0.0785308     0.0138061      0.126063       2.53462
         1e-07    0.00941223       32.6783       16.3392       6.53567   2.19275e-10   1.38315e-10   9.17855e-10       73316.7     2.026e+07   2.03333e+07       15253.8   2.20585e-09     0.0852941     0.0148942      0.135863        2.7354
       1.1e-07    0.00941223       32.6783       16.3392       6.53567   2.12592e-10   1.78108e-10   1.12457e-09       73316.7     2.026e+07   2.03333e+07       15253.8   2.36476e-09     0.0917548     0.0159107      0.145074       2.92668
       1.2e-07    0.00941223       32.6783       16.3392       6.53567   2.01543e-10   2.20695e-10   1.34064e-09       73316.7     2.026e+07   2.03333e+07       15253.8   2.51804e-09     0.0979289     0.0168607      0.153754       3.10969
       1.3e-07    0.00941223       32.6783       16.3392       6.53567   1.83656e-10   2.71532e-10   1.56443e-09       73316.7     2.026e+07   2.03333e+07       15253.8   2.66612e-09      0.103827     0.0177496      0.161976       3.28494
       1.4e-07    0.00941223       32.6783       16.3392       6.53567   1.56348e-10   3.36221e-10   1.79433e-09       73316.7     2.026e+07   2.03333e+07       15253.8   2.80934e-09      0.109459     0.0185825      0.169806       3.45287
       1.5e-07    0.00941223       32.6783       16.3392       6.53567   1.21891e-10    4.1038e-10   2.03029e-09       73316.7     2.026e+07   2.03333e+07       15253.8   2.94831e-09      0.114826     0.0193647      0.177288       3.61428
       1.6e-07    0.00941223       32.6783       16.3392       6.53567   8.03873e-11   4.94298e-10   2.27092e-09       73316.7     2.026e+07   2.03333e+07       15253.8   3.08375e-09      0.119925     0.0201013      0.184456       3.77006
       1.7e-07    0.00941223       32.6783       16.3392       6.53567   3.16085e-11   5.88428e-10   2.51567e-09       73316.7     2.026e+07   2.03333e+07       15253.8   3.21639e-09      0.124746     0.0207973      0.191339       3.92111
       1.8e-07    0.00941223       32.6783       16.3392       6.53567  -2.39821e-11   6.92558e-10   2.76271e-09       73316.7     2.026e+07   2.03333e+07       15253.8   3.34702e-09      0.129291     0.0214575      0.197962       4.06842
       1.9e-07    0.00941223       32.6783       16.3392       6.53567  -8.64508e-11    8.0713e-10   3.01198e-09       73316.7     2.026e+07   2.03333e+07       15253.8   3.47645e-09      0.133565     0.0220865      0.204348       4.21307
         2e-07    0.00941223       32.6783       16.3392       6.53567  -1.55921e-10   9.32131e-10   3.26458e-09       73316.7     2.026e+07   2.03333e+07       15253.8   3.60542e-09      0.137573     0.0226887      0.210512         4.356
       2.1e-07    0.00941223       32.6783       16.3392       6.53567   -2.3241e-10   1.06713e-09   3.52146e-09       73316.7     2.026e+07   2.03333e+07       15253.8   3.73453e-09      0.141326     0.0232685      0.216469       4.49812
       2.2e-07    0.00941223       32.6783       16.3392       6.53567  -3.15986e-10   1.21261e-09   3.78307e-09       73316.7     2.026e+07   2.03333e+07       15253.8   3.86434e-09      0.144837     0.0238298       0.22223        4.6403
       2.3e-07    0.00941223       32.6783       16.3392       6.53567  -4.06518e-10   1.36855e-09   4.04947e-09       73316.7     2.026e+07   2.03333e+07       15253.8   3.99534e-09      0.148121     0.0243764      0.227801       4.78328
       2.4e-07    0.00941223       32.6783       16.3392       6.53567  -5.03661e-10   1.53454e-09   4.32073e-09       73316.7     2.026e+07   2.03333e+07       15253.8   4.12792e-09      0.151191     0.0249119      0.233189       4.92772
       2.5e-07    0.00941223       32.6783       16.3392       6.53567  -6.06869e-10   1.70975e-09   4.59671e-09       73316.7     2.026e+07   2.03333e+07       15253.8   4.26244e-09      0.154058     0.0254397      0.238397        5.0742
       2.6e-07    0.00941223       32.6783       16.3392       6.53567  -7.15738e-10   1.89429e-09   4.87674e-09       73316.7     2.026e+07   2.03333e+07       15253.8   4.39922e-09      0.156728     0.0259628      0.243423       5.22322
       2.7e-07    0.00941223       32.6783       16.3392       6.53567  -8.29501e-10   2.08759e-09   5.16033e-09       73316.7     2.026e+07   2.03333e+07       15253.8   4.53852e-09      0.159202     0.0264841      0.248268       5.37516
       2.8e-07    0.00941223       32.6783       16.3392       6.53567  -9.47516e-10   2.28957e-09   5.44566e-09       73316.7     2.026e+07   2.03333e+07       15253.8   4.68049e-09      0.161488     0.0270061      0.252927       5.53032
       2.9e-07    0.00941223       32.6783       16.3392       6.53567   -1.0689e-09   2.49965e-09     5.731e-09       73316.7     2.026e+07   2.03333e+07       15253.8   4.82522e-09      0.163595     0.0275312      0.257395        5.6889
         3e-07    0.00941223       32.6783       16.3392       6.53567   -1.1933e-09   2.71756e-09    6.0153e-09       73316.7     2.026e+07   2.03333e+07       15253.8    4.9727e-09      0.165537     0.0280614      0.261667       5.85097
       3.1e-07    0.00941223       32.6783       16.3392       6.53567  -1.32008e-09   2.94149e-09   6.29896e-09       73316.7     2.026e+07   2.03333e+07       15253.8   5.12286e-09      0.167329     0.0285986      0.265739       6.01651
       3.2e-07    0.00941223       32.6783       16.3392       6.53567  -1.44882e-09   3.17072e-09   6.58193e-09       73316.7     2.026e+07   2.03333e+07       15253.8   5.27554e-09      0.168985     0.0291443      0.269607       6.18541
       3.3e-07    0.00941223       32.6783       16.3392       6.53567  -1.57919e-09   3.40475e-09   6.86461e-09       73316.7     2.026e+07   2.03333e+07       15253.8   5.43056e-09      0.170518     0.0296999      0.273271       6.35752
       3.4e-07    0.00941223       32.6783       16.3392       6.53567  -1.71064e-09   3.64305e-09   7.14731e-09       73316.7     2.026e+07   2.03333e+07       15253.8   5.58767e-09       0.17194     0.0302665       0.27673       6.53259
       3.5e-07    0.00941223       32.6783       16.3392       6.53567   -1.8432e-09   3.88583e-09   7.43073e-09       73316.7     2.026e+07   2.03333e+07       15253.8   5.74659e-09      0.173265     0.0308449      0.279987       6.71031
       3.6e-07    0.00941223       32.6783       16.3392       6.53567  -1.97688e-09   4.13229e-09   7.71575e-09       73316.7     2.026e+07   2.03333e+07       15253.8   5.90701e-09      0.174504      0.031436      0.283045       6.89032
       3.7e-07    0.00941223       32.6783       16.3392       6.53567  -2.11135e-09   4.38136e-09   8.00339e-09       73316.7     2.026e+07   2.03333e+07       15253.8   6.06853e-09      0.175668     0.0320401      0.285908       7.07216
       3.8e-07    0.00941223       32.6783       16.3392       6.53567  -2.24624e-09   4.63147e-09   8.29456e-09       73316.7     2.026e+07   2.03333e+07       15253.8   6.23076e-09      0.176767     0.0326576      0.288582       7.25536
       3.9e-07    0.00941223       32.6783       16.3392       6.53567  -2.38112e-09   4.88105e-09   8.58996e-09       73316.7     2.026e+07   2.03333e+07       15253.8   6.39324e-09      0.177807     0.0332885      0.291075       7.43935
         4e-07    0.00941223       32.6783       16.3392       6.53567  -2.51522e-09   5.12805e-09    8.8911e-09       73316.7     2.026e+07   2.03333e+07       15253.8   6.55548e-09      0.178798     0.0339328      0.293394       7.62354
       4.1e-07    0.00941223       32.6783       16.3392       6.53567  -2.64776e-09   5.37039e-09   9.19862e-09       73316.7     2.026e+07   2.03333e+07       15253.8   6.71697e-09      0.179748     0.0345902      0.295549       7.80729
       4.2e-07    0.00941223       32.6783       16.3392       6.53567  -2.77823e-09   5.60686e-09   9.51308e-09       73316.7     2.026e+07   2.03333e+07       15253.8   6.87719e-09      0.180661     0.0352603      0.297549       7.98993
       4.3e-07    0.00941223       32.6783       16.3392       6.53567  -2.90641e-09   5.83654e-09   9.83523e-09       73316.7     2.026e+07   2.03333e+07       15253.8   7.03559e-09      0.181544     0.0359428      0.299405       8.17078
       4.4e-07    0.00941223       32.6783       16.3392       6.53567  -3.03233e-09   6.05843e-09   1.01653e-08       73316.7     2.026e+07   2.03333e+07       15253.8   7.19161e-09      0.182404     0.0366369      0.301127       8.34915
       4.5e-07    0.00941223       32.6783       16.3392       6.53567  -3.15593e-09     6.272e-09   1.05031e-08       73316.7     2.026e+07   2.03333e+07       15253.8   7.34474e-09      0.183244     0.0373422      0.302726       8.52436
       4.6e-07    0.00941223       32.6783       16.3392       6.53567  -3.27693e-09   6.47674e-09   1.08484e-08       73316.7     2.026e+07   2.03333e+07       15253.8   7.49445e-09      0.184068     0.0380578      0.304215       8.69575
       4.7e-07    0.00941223       32.6783       16.3392       6.53567  -3.39513e-09   6.67224e-09   1.12006e-08       73316.7     2.026e+07   2.03333e+07       15253.8   7.64025e-09      0.184879     0.0387831      0.305604        8.8627
       4.8e-07    0.00941223       32.6783       16.3392       6.53567  -3.51039e-09   6.85791e-09   1.15592e-08       73316.7     2.026e+07   2.03333e+07       15253.8    7.7817e-09      0.185681      0.039517      0.306903       9.02467
       4.9e-07    0.00941223       32.6783       16.3392       6.53567  -3.62279e-09   7.03388e-09   1.19243e-08       73316.7     2.026e+07   2.03333e+07       15253.8   7.91843e-09      0.186473     0.0402589      0.308123       9.18117
         5e-07    0.00941223       32.6783       16.3392       6.53567  -3.73264e-09    7.2008e-09   1.22959e-08       73316.7     2.026e+07   2.03333e+07       15253.8   8.05009e-09      0.187256     0.0410077      0.309274       9.33179
       5.1e-07    0.00941223       32.6783       16.3392       6.53567  -3.84075e-09   7.35988e-09    1.2674e-08       73316.7     2.026e+07   2.03333e+07       15253.8   8.17636e-09      0.188028     0.0417624      0.310365       9.47613
       5.2e-07    0.00941223       32.6783       16.3392       6.53567  -3.94788e-09    7.5123e-09   1.30592e-08       73316.7     2.026e+07   2.03333e+07       15253.8   8.29699e-09      0.188787     0.0425221      0.311406       9.61389
       5.3e-07    0.00941223       32.6783       16.3392       6.53567  -4.05479e-09   7.65929e-09   1.34516e-08       73316.7     2.026e+07   2.03333e+07       15253.8   8.41183e-09      0.189531     0.0432859      0.312403       9.74488
       5.4e-07    0.00941223       32.6783       16.3392       6.53567  -4.16201e-09   7.80171e-09   1.38517e-08       73316.7     2.026e+07   2.03333e+07       15253.8   8.52075e-09      0.190259     0.0440527      0.313365       9.86895
       5.5e-07    0.00941223       32.6783       16.3392       6.53567  -4.27027e-09    7.9407e-09   1.42596e-08       73316.7     2.026e+07   2.03333e+07       15253.8    8.6237e-09      0.190968     0.0448216      0.314299       9.98603
       5.6e-07    0.00941223       32.6783       16.3392       6.53567  -4.38016e-09     8.077e-09    1.4676e-08       73316.7     2.026e+07   2.03333e+07       15253.8    8.7207e-09      0.191657     0.0455917      0.315209       10.0962
       5.7e-07    0.00941223       32.6783       16.3392       6.53567   -4.4925e-09   8.21186e-09   1.51013e-08       73316.7     2.026e+07   2.03333e+07       15253.8   8.81186e-09      0.192329      0.046362      0.316102       10.1995
       5.8e-07    0.00941223       32.6783       16.3392       6.53567  -4.60804e-09    8.3463e-09   1.55357e-08       73316.7     2.026e+07   2.03333e+07       15253.8   8.89733e-09      0.192982     0.0471318      0.316983       10.2961
       5.9e-07    0.00941223       32.6783       16.3392       6.53567   -4.7274e-09   8.48102e-09     1.598e-08       73316.7     2.026e+07   2.03333e+07       15253.8   8.97733e-09       0.19362     0.0479002      0.317855       10.3863
         6e-07    0.00941223       32.6783       16.3392       6.53567   -4.8513e-09   8.61686e-09   1.64347e-08       73316.7     2.026e+07   2.03333e+07       15253.8   9.05211e-09      0.194244     0.0486667      0.318722       10.4705
       6.1e-07    0.00941223       32.6783       16.3392       6.53567  -4.98069e-09    8.7551e-09      1.69e-08       73316.7     2.026e+07   2.03333e+07       15253.8   9.12197e-09      0.194856     0.0494305      0.319587       10.5489
       6.2e-07    0.00941223       32.6783       16.3392       6.53567  -5.11651e-09    8.8973e-09   1.73759e-08       73316.7     2.026e+07   2.03333e+07       15253.8   9.18721e-09      0.195457     0.0501911      0.320453       10.6219
       6.3e-07    0.00941223       32.6783       16.3392       6.53567  -5.25934e-09   9.04474e-09   1.78618e-08       73316.7     2.026e+07   2.03333e+07       15253.8   9.24817e-09      0.196049      0.050948      0.321322         10.69
       6.4e-07    0.00941223       32.6783       16.3392       6.53567  -5.40946e-09   9.19831e-09   1.83571e-08       73316.7     2.026e+07   2.03333e+07       15253.8   9.30521e-09      0.196632      0.051701      0.322194       10.7535
       6.5e-07    0.00941223       32.6783       16.3392       6.53567  -5.56669e-09   9.35799e-09    1.8861e-08       73316.7     2.026e+07   2.03333e+07       15253.8   9.35867e-09      0.197209     0.0524496       0.32307       10.8129
       6.6e-07    0.00941223       32.6783       16.3392       6.53567  -5.73025e-09   9.52273e-09   1.93724e-08       73316.7     2.026e+07   2.03333e+07       15253.8   9.40889e-09       0.19778     0.0531937      0.323951       10.8686
       6.7e-07    0.00941223       32.6783       16.3392       6.53567  -5.89914e-09   9.69118e-09   1.98894e-08       73316.7     2.026e+07   2.03333e+07       15253.8   9.45619e-09      0.198348     0.0539331      0.324836       10.9209
       6.8e-07    0.00941223       32.6783       16.3392       6.53567  -6.07279e-09   9.86295e-09   2.04103e-08       73316.7     2.026e+07   2.03333e+07       15253.8   9.50091e-09      0.198912     0.0546678      0.325724       10.9703
       6.9e-07    0.00941223       32.6783       16.3392       6.53567  -6.25094e-09   1.00384e-08    2.0933e-08       73316.7     2.026e+07   2.03333e+07       15253.8   9.54334e-09      0.199474     0.0553978      0.326615        11.017
         7e-07    0.00941223       32.6783       16.3392       6.53567  -6.43339e-09   1.02181e-08   2.14556e-08       73316.7     2.026e+07   2.03333e+07       15253.8   9.58378e-09      0.200034     0.0561232      0.327506       11.0615
       7.1e-07    0.00941223       32.6783       16.3392       6.53567  -6.62002e-09   1.04027e-08    2.1976e-08       73316.7     2.026e+07   2.03333e+07       15253.8   9.62247e-09      0.200595     0.0568439      0.328396        11.104
       7.2e-07    0.00941223       32.6783       16.3392       6.53567   -6.8106e-09   1.05927e-08   2.24927e-08       73316.7     2.026e+07   2.03333e+07       15253.8   9.65964e-09      0.201157     0.0575604      0.329284       11.1447
       7.3e-07    0.00941223       32.6783       16.3392       6.53567  -7.00484e-09   1.07882e-08   2.30041e-08       73316.7     2.026e+07   2.03333e+07       15253.8   9.69548e-09      0.201721     0.0582726      0.330168       11.1839
       7.4e-07    0.00941223       32.6783       16.3392       6.53567  -7.20243e-09   1.09894e-08   2.35091e-08       73316.7     2.026e+07   2.03333e+07       15253.8   9.73018e-09      0.202288     0.0589809      0.331047       11.2218
       7.5e-07    0.00941223       32.6783       16.3392       6.53567    -7.403e-09   1.11961e-08   2.40067e-08       73316.7     2.026e+07   2.03333e+07       15253.8   9.76389e-09      0.202858     0.0596854      0.331921       11.2586
       7.6e-07    0.00941223       32.6783       16.3392       6.53567  -7.60608e-09   1.14079e-08   2.44961e-08       73316.7     2.026e+07   2.03333e+07       15253.8   9.79677e-09      0.203431     0.0603865      0.332787       11.2943
       7.7e-07    0.00941223       32.6783       16.3392       6.53567  -7.81121e-09   1.16246e-08   2.49765e-08       73316.7     2.026e+07   2.03333e+07       15253.8   9.82892e-09      0.204007     0.0610843      0.333645       11.3292
       7.8e-07    0.00941223       32.6783       16.3392       6.53567  -8.01791e-09   1.18458e-08   2.54472e-08       73316.7     2.026e+07   2.03333e+07       15253.8   9.86044e-09      0.204585     0.0617791      0.334494       11.3632
       7.9e-07    0.00941223       32.6783       16.3392       6.53567  -8.22561e-09   1.20711e-08   2.59075e-08       73316.7     2.026e+07   2.03333e+07       15253.8   9.89142e-09      0.205166     0.0624709      0.335334       11.3965
         8e-07    0.00941223       32.6783       16.3392       6.53567  -8.43383e-09   1.23001e-08   2.63569e-08       73316.6     2.026e+07   2.03333e+07       15253.8   9.92191e-09      0.205749     0.0631598      0.336163       11.4292
       8.1e-07    0.00941223       32.6783       16.3392       6.53567  -8.64217e-09   1.25324e-08   2.67946e-08       73316.6     2.026e+07   2.03333e+07       15253.8   9.95196e-09      0.206333     0.0638457      0.336981       11.4611
       8.2e-07    0.00941223       32.6783       16.3392       6.53567  -8.85036e-09   1.27683e-08   2.72202e-08       73316.6     2.026e+07   2.03333e+07       15253.8   9.98162e-09      0.206919     0.0645287      0.337787       11.4924
       8.3e-07    0.00941223       32.6783       16.3392       6.53567  -9.05812e-09   1.30077e-08   2.76335e-08       73316.6     2.026e+07   2.03333e+07       15253.8   1.00109e-08      0.207507     0.0652088      0.338582       11.5231
       8.4e-07    0.00941223       32.6783       16.3392       6.53567  -9.26512e-09   1.32503e-08   2.80343e-08       73316.6     2.026e+07   2.03333e+07       15253.8   1.00399e-08      0.208098     0.0658863      0.339364       11.5532
       8.5e-07    0.00941223       32.6783       16.3392       6.53567    -9.471e-09    1.3496e-08   2.84222e-08       73316.6     2.026e+07   2.03333e+07       15253.8   1.00685e-08      0.208692     0.0665614      0.340133       11.5826
       8.6e-07    0.00941223       32.6783       16.3392       6.53567  -9.67542e-09   1.37443e-08   2.87971e-08       73316.6     2.026e+07   2.03333e+07       15253.8   1.00969e-08      0.209289     0.0672343      0.340888       11.6115
       8.7e-07    0.00941223       32.6783       16.3392       6.53567  -9.87805e-09   1.39948e-08   2.91588e-08       73316.6     2.026e+07   2.03333e+07       15253.8    1.0125e-08      0.209889     0.0679054       0.34163       11.6398
       8.8e-07    0.00941223       32.6783       16.3392       6.53567  -1.00786e-08   1.42472e-08   2.95071e-08       73316.6     2.026e+07   2.03333e+07       15253.8   1.01529e-08      0.210494     0.0685747      0.342358       11.6676
       8.9e-07    0.00941223       32.6783       16.3392       6.53567  -1.02766e-08   1.45012e-08    2.9842e-08       73316.6     2.026e+07   2.03333e+07       15253.8   1.01807e-08      0.211102     0.0692425      0.343071       11.6949
         9e-07    0.00941223       32.6783       16.3392       6.53567   -1.0472e-08   1.47563e-08   3.01634e-08       73316.6     2.026e+07   2.03333e+07       15253.8   1.02083e-08      0.211714     0.0699088       0.34377       11.7219
       9.1e-07    0.00941223       32.6783       16.3392       6.53567  -1.06643e-08   1.50121e-08   3.04714e-08       73316.6     2.026e+07   2.03333e+07       15253.8   1.02359e-08      0.212329     0.0705738      0.344454       11.7485
       9.2e-07    0.00941223       32.6783       16.3392       6.53567  -1.08535e-08   1.52687e-08   3.07661e-08       73316.6     2.026e+07   2.03333e+07       15253.8   1.02634e-08      0.212947     0.0712376      0.345123        11.775
       9.3e-07    0.00941223       32.6783       16.3392       6.53567  -1.10393e-08   1.55258e-08   3.10477e-08       73316.6     2.026e+07   2.03333e+07       15253.8   1.02911e-08      0.213567     0.0719003      0.345777       11.8013
       9.4e-07    0.00941223       32.6783       16.3392       6.53567  -1.12219e-08   1.57834e-08   3.13165e-08       73316.6     2.026e+07   2.03333e+07       15253.8   1.03188e-08      0.214189     0.0725619      0.346416       11.8275
       9.5e-07    0.00941223       32.6783       16.3392       6.53567  -1.14011e-08   1.60414e-08   3.15729e-08       73316.6     2.026e+07   2.03333e+07       15253.8   1.03466e-08      0.214813     0.0732226       0.34704       11.8536
       9.6e-07    0.00941223       32.6783       16.3392       6.53567  -1.15767e-08   1.62997e-08   3.18174e-08       73316.6     2.026e+07   2.03333e+07       15253.8   1.03747e-08      0.215437     0.0738823       0.34765       11.8797
       9.7e-07    0.00941223       32.6783       16.3392       6.53567  -1.17488e-08   1.65578e-08   3.20505e-08       73316.6     2.026e+07   2.03333e+07       15253.8   1.04029e-08      0.216062      0.074541      0.348244       11.9059
       9.8e-07    0.00941223       32.6783       16.3392       6.53567  -1.19171e-08   1.68155e-08   3.22726e-08       73316.6     2.026e+07   2.03333e+07       15253.8   1.04315e-08      0.216685     0.0751988      0.348824       11.9322
       9.9e-07    0.00941223       32.6783       16.3392       6.53567  -1.20815e-08   1.70725e-08   3.24843e-08       73316.6     2.026e+07   2.03333e+07       15253.8   1.04603e-08      0.217307     0.0758558       0.34939       11.9585
         1e-06    0.00941223       32.6783       16.3392       6.53567  -1.22422e-08   1.73287e-08   3.26863e-08       73316.6     2.026e+07   2.03333e+07       15253.8   1.04894e-08      0.217924      0.076512      0.349942       11.9851
