          time   rho_mms_err     u_mms_err     v_mms_err     w_mms_err     p_mms_err  rho_residual rhou_residual rhov_residual rhow_residual rhoE_residual
   3.21458e-09   1.71691e-07        6.5124        6.5124        6.5124       586.773   1.71691e-07    0.00938381    0.00938381    0.00938381       1617.49
   6.75062e-09   3.60163e-07       13.5949       13.5949       13.5949       1224.52   1.88471e-07     0.0102064     0.0102064     0.0102064       1757.93
   1.06403e-08   5.67023e-07       21.2909       21.2909       21.2909       1916.84   2.06861e-07     0.0110919     0.0110919     0.0110919       1908.32
   1.49189e-08   7.94032e-07       29.6461       29.6461       29.6461       2667.42   2.27009e-07     0.0120436     0.0120436     0.0120436        2068.9
   1.96253e-08   1.04311e-06       38.7087       38.7087       38.7087          3480    2.4908e-07     0.0130653     0.0130653     0.0130653       2239.82
   2.48025e-08   1.31636e-06       48.5293       48.5293       48.5293       4358.29   2.73251e-07     0.0141605     0.0141605     0.0141605       2421.11
   3.04973e-08   1.61608e-06       59.1609       59.1609       59.1609       5305.96   2.99719e-07      0.015333      0.015333      0.015333       2612.66
   3.67616e-08   1.94477e-06        70.659        70.659        70.659       6326.55   3.28696e-07     0.0165867     0.0165867     0.0165867       2814.15
   4.36523e-08   2.30518e-06       83.0816       83.0816       83.0816       7423.38   3.60414e-07     0.0179257     0.0179257     0.0179257       3025.07
   5.12322e-08    2.7003e-06        96.489        96.489        96.489       8599.43   3.95128e-07     0.0193541     0.0193541     0.0193541       3244.65
     5.957e-08   3.13341e-06       110.944       110.944       110.944       9857.26   4.33117e-07     0.0208764     0.0208764     0.0208764       3471.82
   6.87415e-08   3.60808e-06       126.512       126.512       126.512       11198.9   4.74685e-07     0.0224973     0.0224973     0.0224973       3705.24
   7.88303e-08   4.12823e-06       143.259       143.259       143.259       12625.5   5.20166e-07     0.0242217     0.0242217     0.0242217       3943.17
    8.9447e-08   4.67349e-06       160.484       160.484       160.484       14073.3   5.45291e-07     0.0249388     0.0249388     0.0249388       4005.76
   1.00051e-07    5.2161e-06       177.307       177.307       177.307       15466.9   5.42641e-07      0.024387      0.024387      0.024387       3860.17
   1.10642e-07    5.7562e-06       193.751       193.751       193.751       16808.3   5.40134e-07     0.0238738     0.0238738     0.0238738       3721.17
    1.2122e-07   6.29391e-06       209.838       209.838       209.838       18099.9   5.37756e-07     0.0233947     0.0233947     0.0233947       3588.49
   1.31785e-07   6.82935e-06       225.586       225.586       225.586       19343.7   5.35492e-07      0.022946      0.022946      0.022946       3461.88
   1.42338e-07   7.36262e-06        241.01        241.01        241.01       20541.7   5.33332e-07     0.0225242     0.0225242     0.0225242       3341.13
   1.52878e-07   7.89382e-06       256.127       256.127       256.127       21695.8   5.31265e-07     0.0221267     0.0221267     0.0221267       3226.01
   1.63406e-07   8.42302e-06       270.947       270.947       270.947       22807.8   5.29283e-07      0.021751      0.021751      0.021751       3116.32
   1.73922e-07   8.95031e-06       285.483       285.483       285.483       23879.6    5.2738e-07      0.021395      0.021395      0.021395       3011.87
   1.84425e-07   9.47576e-06       299.745       299.745       299.745       24912.7   5.25547e-07      0.021057      0.021057      0.021057       2912.46
   1.94915e-07   9.99943e-06       313.741       313.741       313.741       25908.9   5.23775e-07     0.0207352     0.0207352     0.0207352       2817.92
   2.05394e-07   1.05214e-05       327.481       327.481       327.481       26869.6    5.2206e-07     0.0204283     0.0204283     0.0204283        2728.1
    2.1586e-07   1.10416e-05       340.971       340.971       340.971       27796.5   5.20394e-07      0.020135      0.020135      0.020135       2642.81
   2.26314e-07   1.15603e-05       354.219       354.219       354.219       28690.8   5.18771e-07     0.0198543     0.0198543     0.0198543       2561.91
   2.36756e-07   1.20773e-05       367.231       367.231       367.231       29554.1   5.17187e-07     0.0195853     0.0195853     0.0195853       2485.23
   2.47186e-07   1.25928e-05       380.013       380.013       380.013       30387.6   5.15639e-07      0.019327      0.019327      0.019327       2412.64
   2.57604e-07   1.31067e-05        392.57        392.57        392.57       31192.7   5.14122e-07     0.0190788     0.0190788     0.0190788       2343.99
   2.68011e-07   1.36192e-05       404.909       404.909       404.909       31970.4   5.12633e-07     0.0188399     0.0188399     0.0188399       2279.12
   2.78405e-07   1.41301e-05       417.033       417.033       417.033       32722.1   5.11171e-07     0.0186098     0.0186098     0.0186098       2217.91
   2.88787e-07   1.46397e-05       428.948       428.948       428.948       33448.9   5.09732e-07     0.0183879     0.0183879     0.0183879       2160.22
   2.99158e-07   1.51477e-05       440.658       440.658       440.658       34151.7   5.08314e-07     0.0181737     0.0181737     0.0181737       2105.91
   3.09517e-07   1.56544e-05       452.167       452.167       452.167       34831.8   5.06915e-07     0.0179669     0.0179669     0.0179669       2054.84
   3.19864e-07   1.61597e-05       463.479       463.479       463.479         35490   5.05534e-07     0.0177669     0.0177669     0.0177669       2006.89
   3.30199e-07   1.66636e-05       474.598       474.598       474.598       36127.3   5.04168e-07     0.0175734     0.0175734     0.0175734       1961.93
   3.40523e-07   1.71661e-05       485.528       485.528       485.528       36744.7   5.02816e-07      0.017386      0.017386      0.017386       1919.82
   3.50835e-07   1.76673e-05       496.272       496.272       496.272       37343.1   5.01475e-07     0.0172045     0.0172045     0.0172045       1880.45
   3.61136e-07   1.81671e-05       506.835       506.835       506.835       37923.1   5.00146e-07     0.0170286     0.0170286     0.0170286       1843.72
   3.71425e-07   1.86657e-05       517.218       517.218       517.218       38485.8   4.98828e-07      0.016858      0.016858      0.016858       1809.48
   3.81703e-07   1.91628e-05       527.426       527.426       527.426       39031.9    4.9752e-07     0.0166924     0.0166924     0.0166924       1777.61
   3.91969e-07   1.96587e-05       537.462       537.462       537.462       39562.1    4.9622e-07     0.0165317     0.0165317     0.0165317       1747.98
   4.02224e-07   2.01532e-05       547.329       547.329       547.329       40077.1   4.94925e-07     0.0163754     0.0163754     0.0163754       1720.46
   4.12468e-07   2.06465e-05       557.029       557.029       557.029       40577.6   4.93637e-07     0.0162235     0.0162235     0.0162235       1694.93
     4.227e-07   2.11385e-05       566.567       566.567       566.567       41064.3   4.92356e-07     0.0160759     0.0160759     0.0160759       1671.32
   4.32921e-07   2.16291e-05       575.944       575.944       575.944       41537.9   4.91081e-07     0.0159325     0.0159325     0.0159325       1649.54
   4.43131e-07   2.21185e-05       585.163       585.163       585.163       41998.8   4.89812e-07     0.0157929     0.0157929     0.0157929       1629.43
    4.5333e-07   2.26066e-05       594.228       594.228       594.228       42447.8   4.88545e-07     0.0156568     0.0156568     0.0156568       1610.78
   4.63517e-07   2.30934e-05        603.14        603.14        603.14       42885.4   4.87282e-07     0.0155242     0.0155242     0.0155242       1593.56
   4.73694e-07   2.35789e-05       611.904       611.904       611.904         43312   4.86023e-07     0.0153951     0.0153951     0.0153951       1577.73
   4.83859e-07   2.40632e-05       620.521       620.521       620.521       43728.3   4.84769e-07     0.0152692     0.0152692     0.0152692        1563.2
   4.94013e-07   2.45462e-05       628.993       628.993       628.993       44134.7   4.83518e-07     0.0151465     0.0151465     0.0151465       1549.78
   5.04157e-07    2.5028e-05       637.324       637.324       637.324       44531.6   4.82272e-07     0.0150271     0.0150271     0.0150271       1537.51
   5.14289e-07   2.55084e-05       645.515       645.515       645.515       44919.5    4.8103e-07     0.0149106     0.0149106     0.0149106       1526.26
   5.24411e-07   2.59877e-05        653.57        653.57        653.57       45298.9   4.79791e-07     0.0147969     0.0147969     0.0147969       1515.95
   5.34521e-07   2.64657e-05        661.49        661.49        661.49       45670.1   4.78555e-07     0.0146859     0.0146859     0.0146859       1506.51
   5.44621e-07   2.69424e-05       669.278       669.278       669.278       46033.5   4.77322e-07     0.0145776     0.0145776     0.0145776       1497.88
    5.5471e-07   2.74179e-05       676.936       676.936       676.936       46389.6   4.76092e-07     0.0144718     0.0144718     0.0144718       1489.98
   5.64788e-07   2.78921e-05       684.466       684.466       684.466       46738.7   4.74866e-07     0.0143686     0.0143686     0.0143686       1482.77
   5.74856e-07   2.83651e-05        691.87        691.87        691.87       47081.1   4.73642e-07     0.0142675     0.0142675     0.0142675       1476.12
   5.84913e-07   2.88369e-05       699.151       699.151       699.151       47417.2   4.72421e-07     0.0141683     0.0141683     0.0141683       1469.93
   5.94959e-07   2.93074e-05       706.312       706.312       706.312       47747.3   4.71203e-07     0.0140714     0.0140714     0.0140714       1464.26
   6.04994e-07   2.97767e-05       713.352       713.352       713.352       48071.7   4.69988e-07     0.0139768     0.0139768     0.0139768       1459.07
   6.15019e-07   3.02447e-05       720.276       720.276       720.276       48390.7   4.68776e-07     0.0138838     0.0138838     0.0138838       1454.12
   6.25034e-07   3.07116e-05       727.085       727.085       727.085       48704.5   4.67567e-07     0.0137927     0.0137927     0.0137927       1449.46
   6.35038e-07   3.11772e-05       733.782       733.782       733.782       49013.5   4.66361e-07     0.0137037     0.0137037     0.0137037       1445.17
   6.45031e-07   3.16416e-05       740.367       740.367       740.367       49317.8   4.65158e-07     0.0136167     0.0136167     0.0136167        1441.2
   6.55014e-07   3.21048e-05       746.843       746.843       746.843       49617.7   4.63959e-07     0.0135315     0.0135315     0.0135315       1437.54
   6.64987e-07   3.25668e-05       753.212       753.212       753.212       49913.5   4.62763e-07     0.0134481     0.0134481     0.0134481       1434.13
   6.74949e-07   3.30275e-05       759.476       759.476       759.476       50205.4   4.61567e-07     0.0133662     0.0133662     0.0133662       1430.82
   6.84901e-07   3.34871e-05       765.636       765.636       765.636       50493.5   4.60372e-07     0.0132859     0.0132859     0.0132859       1427.64
   6.94843e-07   3.39454e-05       771.694       771.694       771.694       50778.1    4.5918e-07     0.0132073     0.0132073     0.0132073       1424.65
   7.04774e-07   3.44026e-05       777.653       777.653       777.653       51059.4    4.5799e-07     0.0131303     0.0131303     0.0131303       1421.82
   7.14695e-07   3.48585e-05       783.514       783.514       783.514       51337.5   4.56802e-07     0.0130547     0.0130547     0.0130547       1418.98
   7.24606e-07   3.53132e-05       789.278       789.278       789.278       51612.7   4.55614e-07     0.0129806     0.0129806     0.0129806       1416.12
   7.34507e-07   3.57667e-05       794.948       794.948       794.948         51885   4.54429e-07     0.0129079     0.0129079     0.0129079       1413.38
   7.44397e-07   3.62191e-05       800.525       800.525       800.525       52154.7   4.53247e-07     0.0128367     0.0128367     0.0128367       1410.74
   7.54278e-07   3.66702e-05       806.011       806.011       806.011       52421.8   4.52067e-07     0.0127668     0.0127668     0.0127668       1408.15
   7.64148e-07   3.71201e-05       811.407       811.407       811.407       52686.6   4.50889e-07     0.0126978     0.0126978     0.0126978        1405.5
   7.74009e-07   3.75689e-05       816.715       816.715       816.715       52949.2   4.49714e-07     0.0126301     0.0126301     0.0126301       1402.91
   7.83859e-07   3.80165e-05       821.936       821.936       821.936       53209.6   4.48542e-07     0.0125637     0.0125637     0.0125637       1400.39
     7.937e-07   3.84628e-05       827.072       827.072       827.072         53468   4.47372e-07     0.0124986     0.0124986     0.0124986       1397.92
    8.0353e-07    3.8908e-05       832.124       832.124       832.124       53724.6   4.46206e-07     0.0124348     0.0124348     0.0124348       1395.49
   8.13351e-07   3.93521e-05       837.094       837.094       837.094       53979.4   4.45042e-07     0.0123721     0.0123721     0.0123721       1393.09
   8.23162e-07   3.97949e-05       841.983       841.983       841.983       54232.5   4.43882e-07     0.0123105     0.0123105     0.0123105       1390.71
   8.32963e-07   4.02366e-05       846.792       846.792       846.792         54484   4.42724e-07       0.01225       0.01225       0.01225       1388.35
   8.42754e-07   4.06771e-05       851.524       851.524       851.524       54734.1   4.41569e-07     0.0121906     0.0121906     0.0121906          1386
   8.52535e-07   4.11164e-05       856.178       856.178       856.178       54982.8   4.40416e-07     0.0121322     0.0121322     0.0121322       1383.65
   8.62307e-07   4.15545e-05       860.757       860.757       860.757       55230.1   4.39264e-07     0.0120746     0.0120746     0.0120746       1381.24
   8.72069e-07   4.19915e-05       865.262       865.262       865.262       55476.3   4.38112e-07     0.0120172     0.0120172     0.0120172       1378.55
   8.81821e-07   4.24274e-05       869.694       869.694       869.694       55721.3   4.36962e-07     0.0119609     0.0119609     0.0119609       1375.88
   8.91564e-07    4.2862e-05       874.055       874.055       874.055       55965.2   4.35816e-07     0.0119055     0.0119055     0.0119055        1373.2
   9.01297e-07   4.32955e-05       878.345       878.345       878.345       56208.2   4.34672e-07     0.0118511     0.0118511     0.0118511       1370.53
    9.1102e-07   4.37279e-05       882.566       882.566       882.566       56450.1   4.33532e-07     0.0117976     0.0117976     0.0117976       1367.86
   9.20734e-07   4.41591e-05        886.72        886.72        886.72       56691.2   4.32394e-07     0.0117449     0.0117449     0.0117449       1365.19
   9.30439e-07   4.45891e-05       890.806       890.806       890.806       56931.5    4.3126e-07     0.0116931     0.0116931     0.0116931       1362.51
   9.40134e-07    4.5018e-05       894.827       894.827       894.827       57170.9   4.30129e-07     0.0116422     0.0116422     0.0116422       1359.82
   9.49819e-07   4.54458e-05       898.783       898.783       898.783       57409.7   4.29001e-07      0.011592      0.011592      0.011592       1357.12
   9.59495e-07   4.58724e-05       902.675       902.675       902.675       57647.7   4.27875e-07     0.0115426     0.0115426     0.0115426       1354.41
