          time          mass          xmom          ymom          zmom     ang_mom_x     ang_mom_y     ang_mom_z         rho_K         rho_e         rho_E         enstr   rho_mms_err     u_mms_err     v_mms_err     w_mms_err     p_mms_err
             0    0.00941223       32.6783       16.3392       6.53567  -8.88178e-16   3.10862e-15   1.33227e-15       73316.7     2.026e+07   2.03333e+07       15181.8             0   2.71999e-13   1.34488e-13   4.62758e-14   1.15843e-10
         1e-08    0.00941223       32.6783       16.3392       6.53567   1.82776e-10  -1.34124e-11    1.6267e-12       73316.7     2.026e+07   2.03333e+07       15181.8   9.11141e-10     0.0306548    0.00562131     0.0523532       1.13783
         2e-08    0.00941223       32.6783       16.3392       6.53567   3.66589e-10  -2.32339e-11  -7.81464e-12       73316.7     2.026e+07   2.03333e+07       15181.8   1.76358e-09     0.0607493     0.0109958       0.10335       2.20331
         3e-08    0.00941223       32.6783       16.3392       6.53567   5.51636e-10  -4.92508e-11   3.27249e-12       73316.7     2.026e+07   2.03333e+07       15181.8   2.57342e-09     0.0900925     0.0161665      0.152781        3.2157
         4e-08    0.00941223       32.6783       16.3392       6.53567   7.13531e-10  -7.69513e-11   5.93294e-11       73316.7     2.026e+07   2.03333e+07       15181.8   3.34927e-09      0.118682     0.0211655      0.200546       4.18535
         5e-08    0.00941223       32.6783       16.3392       6.53567   8.38579e-10  -6.57723e-11   1.52777e-10       73316.7     2.026e+07   2.03333e+07       15181.8   4.09623e-09      0.146504     0.0260092      0.246656       5.11838
         6e-08    0.00941223       32.6783       16.3392       6.53567   9.49724e-10  -3.72626e-11   2.89864e-10       73316.7     2.026e+07   2.03333e+07       15181.8   4.81754e-09      0.173577     0.0307089      0.291137       6.01862
         7e-08    0.00941223       32.6783       16.3392       6.53567   1.04789e-09    9.7935e-12   4.79985e-10       73316.7     2.026e+07   2.03333e+07       15181.9   5.51551e-09      0.199913     0.0352676      0.334033       6.88882
         8e-08    0.00941223       32.6783       16.3392       6.53567   1.13596e-09   7.09104e-11    7.3375e-10       73316.7     2.026e+07   2.03333e+07       15181.9   6.19189e-09      0.225524     0.0396862      0.375399       7.73107
         9e-08    0.00941223       32.6783       16.3392       6.53567   1.21701e-09    1.4267e-10   1.04751e-09       73316.7     2.026e+07   2.03333e+07       15181.9   6.84814e-09      0.250431     0.0439657      0.415294       8.54704
         1e-07    0.00941223       32.6783       16.3392       6.53567   1.29259e-09   2.23084e-10   1.42482e-09       73316.7     2.026e+07   2.03333e+07       15181.9   7.48539e-09       0.27465     0.0481071      0.453779       9.33808
       1.1e-07    0.00941223       32.6783       16.3392       6.53567   1.36371e-09   3.09742e-10   1.86483e-09       73316.7     2.026e+07   2.03333e+07       15181.9   8.10489e-09       0.29819     0.0521124      0.490913       10.1057
       1.2e-07    0.00941223       32.6783       16.3392       6.53567   1.42896e-09   4.03981e-10   2.37165e-09       73316.7     2.026e+07   2.03333e+07       15181.9   8.70761e-09      0.321061     0.0559833      0.526753       10.8509
       1.3e-07    0.00941223       32.6783       16.3392       6.53567    1.4862e-09   5.06942e-10   2.93962e-09       73316.7     2.026e+07   2.03333e+07       15181.9   9.29444e-09      0.343263     0.0597225      0.561355       11.5748
       1.4e-07    0.00941223       32.6783       16.3392       6.53567   1.53523e-09   6.18202e-10   3.56355e-09       73316.7     2.026e+07   2.03333e+07       15181.9   9.86632e-09      0.364787     0.0633328      0.594778       12.2785
       1.5e-07    0.00941223       32.6783       16.3392       6.53567   1.57505e-09   7.38879e-10   4.23837e-09       73316.7     2.026e+07   2.03333e+07         15182    1.0424e-08      0.385605     0.0668174      0.627074       12.9628
       1.6e-07    0.00941223       32.6783       16.3392       6.53567    1.6037e-09   8.71733e-10   4.96168e-09       73316.7     2.026e+07   2.03333e+07         15182   1.09683e-08      0.405693     0.0701795      0.658297       13.6286
       1.7e-07    0.00941223       32.6783       16.3392       6.53567   1.62409e-09   1.01312e-09   5.72131e-09       73316.7     2.026e+07   2.03333e+07         15182   1.15002e-08       0.42504     0.0734225      0.688494       14.2771
       1.8e-07    0.00941223       32.6783       16.3392       6.53567   1.63535e-09   1.16334e-09   6.50563e-09       73316.7     2.026e+07   2.03333e+07         15182   1.20209e-08      0.443641     0.0765497      0.717712       14.9098
       1.9e-07    0.00941223       32.6783       16.3392       6.53567   1.63826e-09   1.31608e-09   7.31978e-09       73316.7     2.026e+07   2.03333e+07         15182   1.25317e-08      0.461504     0.0795647      0.745997       15.5281
         2e-07    0.00941223       32.6783       16.3392       6.53567   1.63122e-09   1.47695e-09   8.16009e-09       73316.7     2.026e+07   2.03333e+07         15182   1.30334e-08      0.478656     0.0824713      0.773395       16.1333
       2.1e-07    0.00941223       32.6783       16.3392       6.53567   1.62822e-09   1.62183e-09    9.0213e-09       73316.7     2.026e+07   2.03333e+07         15182   1.35269e-08      0.495129     0.0852733      0.799963       16.7262
       2.2e-07    0.00941223       32.6783       16.3392       6.53567   1.62857e-09   1.75123e-09    9.9033e-09       73316.7     2.026e+07   2.03333e+07         15182   1.40126e-08      0.510952     0.0879743      0.825758       17.3074
       2.3e-07    0.00941223       32.6783       16.3392       6.53567   1.59231e-09    1.9473e-09    1.0802e-08       73316.7     2.026e+07   2.03333e+07         15182   1.44906e-08      0.526149     0.0905785      0.850837       17.8772
       2.4e-07    0.00941223       32.6783       16.3392       6.53567    1.5309e-09   2.18673e-09   1.17138e-08       73316.7     2.026e+07   2.03333e+07       15182.1   1.49616e-08      0.540744     0.0930899      0.875249       18.4362
       2.5e-07    0.00941223       32.6783       16.3392       6.53567   1.45072e-09    2.4538e-09   1.26415e-08       73316.7     2.026e+07   2.03333e+07       15182.1   1.54261e-08      0.554756     0.0955126      0.899031       18.9852
       2.6e-07    0.00941223       32.6783       16.3392       6.53567   1.35737e-09   2.74138e-09   1.35773e-08       73316.7     2.026e+07   2.03333e+07       15182.1   1.58847e-08      0.568207     0.0978508      0.922215       19.5252
       2.7e-07    0.00941223       32.6783       16.3392       6.53567   1.25087e-09   3.04725e-09    1.4521e-08       73316.7     2.026e+07   2.03333e+07       15182.1   1.63381e-08      0.581123      0.100109      0.944829        20.057
       2.8e-07    0.00941223       32.6783       16.3392       6.53567   1.13127e-09   3.36975e-09   1.54765e-08       73316.7     2.026e+07   2.03333e+07       15182.1   1.67867e-08       0.59353       0.10229      0.966896       20.5813
       2.9e-07    0.00941223       32.6783       16.3392       6.53567   9.97345e-10   3.71214e-09   1.64458e-08       73316.7     2.026e+07   2.03333e+07       15182.1   1.72312e-08      0.605453        0.1044      0.988437       21.0988
         3e-07    0.00941223       32.6783       16.3392       6.53567   8.49988e-10   4.07357e-09   1.74254e-08       73316.7     2.026e+07   2.03333e+07       15182.1    1.7672e-08      0.616914      0.106442       1.00947       21.6105
       3.1e-07    0.00941223       32.6783       16.3392       6.53567   6.87554e-10   4.45494e-09   1.84154e-08       73316.7     2.026e+07   2.03333e+07       15182.1   1.81096e-08      0.627935       0.10842       1.03001       22.1168
       3.2e-07    0.00941223       32.6783       16.3392       6.53567   5.09998e-10   4.85962e-09   1.94134e-08       73316.7     2.026e+07   2.03333e+07       15182.1   1.85445e-08      0.638536      0.110338       1.05007       22.6184
       3.3e-07    0.00941223       32.6783       16.3392       6.53567   3.18347e-10   5.28754e-09   2.04183e-08       73316.7     2.026e+07   2.03333e+07       15182.1   1.89771e-08      0.648733        0.1122       1.06967       23.1157
       3.4e-07    0.00941223       32.6783       16.3392       6.53567   1.12345e-10   5.73747e-09   2.14296e-08       73316.7     2.026e+07   2.03333e+07       15182.1   1.94076e-08      0.658544      0.114011       1.08883       23.6094
       3.5e-07    0.00941223       32.6783       16.3392       6.53567  -1.06817e-10   6.20945e-09    2.2447e-08       73316.7     2.026e+07   2.03333e+07       15182.1   1.98363e-08      0.667986      0.115774       1.10755       24.0997
       3.6e-07    0.00941223       32.6783       16.3392       6.53567  -3.39029e-10   6.70462e-09   2.34685e-08       73316.7     2.026e+07   2.03333e+07       15182.1   2.02634e-08      0.677074      0.117492       1.12586       24.5869
       3.7e-07    0.00941223       32.6783       16.3392       6.53567  -5.84009e-10   7.21978e-09   2.44952e-08       73316.7     2.026e+07   2.03333e+07       15182.1   2.06891e-08      0.685825      0.119171       1.14375       25.0715
       3.8e-07    0.00941223       32.6783       16.3392       6.53567  -8.42347e-10   7.75402e-09   2.55295e-08       73316.7     2.026e+07   2.03333e+07       15182.1   2.11136e-08      0.694256      0.120813       1.16123       25.5537
       3.9e-07    0.00941223       32.6783       16.3392       6.53567  -1.11386e-09   8.30792e-09   2.65721e-08       73316.7     2.026e+07   2.03333e+07       15182.1   2.15372e-08      0.702381      0.122422       1.17832       26.0338
         4e-07    0.00941223       32.6783       16.3392       6.53567  -1.39763e-09   8.87818e-09   2.76255e-08       73316.7     2.026e+07   2.03333e+07       15182.1   2.19599e-08      0.710213      0.124002       1.19503       26.5122
       4.1e-07    0.00941223       32.6783       16.3392       6.53567  -1.69381e-09   9.46602e-09    2.8689e-08       73316.7     2.026e+07   2.03333e+07       15182.1   2.23819e-08      0.717765      0.125557       1.21136       26.9892
       4.2e-07    0.00941223       32.6783       16.3392       6.53567   -2.0038e-09   1.00728e-08   2.97619e-08       73316.7     2.026e+07   2.03333e+07       15182.1   2.28034e-08      0.725047       0.12709       1.22732       27.4649
       4.3e-07    0.00941223       32.6783       16.3392       6.53567  -2.32741e-09   1.06985e-08   3.08452e-08       73316.7     2.026e+07   2.03333e+07       15182.1   2.32246e-08       0.73207      0.128604       1.24291       27.9397
       4.4e-07    0.00941223       32.6783       16.3392       6.53567  -2.66516e-09   1.13434e-08   3.19406e-08       73316.7     2.026e+07   2.03333e+07       15182.1   2.36456e-08      0.738841      0.130104       1.25815       28.4137
       4.5e-07    0.00941223       32.6783       16.3392       6.53567  -3.01648e-09   1.20116e-08   3.30473e-08       73316.7     2.026e+07   2.03333e+07       15182.1   2.40664e-08      0.745372      0.131591       1.27303       28.8871
       4.6e-07    0.00941223       32.6783       16.3392       6.53567  -3.37971e-09   1.27021e-08   3.41644e-08       73316.7     2.026e+07   2.03333e+07       15182.1   2.44872e-08       0.75167       0.13307       1.28757       29.3601
       4.7e-07    0.00941223       32.6783       16.3392       6.53567  -3.75441e-09   1.34142e-08   3.52909e-08       73316.7     2.026e+07   2.03333e+07       15182.1    2.4908e-08      0.757745      0.134543       1.30177       29.8327
       4.8e-07    0.00941223       32.6783       16.3392       6.53567  -4.14014e-09   1.41453e-08   3.64261e-08       73316.7     2.026e+07   2.03333e+07       15182.1   2.53289e-08      0.763602      0.136013       1.31563       30.3051
       4.9e-07    0.00941223       32.6783       16.3392       6.53567  -4.53685e-09   1.48935e-08   3.75699e-08       73316.7     2.026e+07   2.03333e+07       15182.1   2.57498e-08      0.769249      0.137484       1.32915       30.7773
         5e-07    0.00941223       32.6783       16.3392       6.53567  -4.94361e-09   1.56574e-08   3.87225e-08       73316.7     2.026e+07   2.03333e+07       15182.1   2.61708e-08      0.774695      0.138958       1.34235       31.2494
       5.1e-07    0.00941223       32.6783       16.3392       6.53567  -5.35861e-09   1.64369e-08   3.98841e-08       73316.7     2.026e+07   2.03333e+07       15182.1   2.65918e-08      0.779947      0.140438       1.35521       31.7214
       5.2e-07    0.00941223       32.6783       16.3392       6.53567   -5.7807e-09   1.72314e-08   4.10537e-08       73316.7     2.026e+07   2.03333e+07       15182.1    2.7013e-08      0.785011      0.141926       1.36775       32.1933
       5.3e-07    0.00941223       32.6783       16.3392       6.53567  -6.20866e-09   1.80417e-08     4.223e-08       73316.7     2.026e+07   2.03333e+07       15182.1   2.74342e-08      0.789895      0.143425       1.37997       32.6653
       5.4e-07    0.00941223       32.6783       16.3392       6.53567  -6.64101e-09   1.88669e-08   4.34106e-08       73316.7     2.026e+07   2.03333e+07       15182.1   2.78556e-08      0.794606      0.144938       1.39186       33.1373
       5.5e-07    0.00941223       32.6783       16.3392       6.53567  -7.07587e-09   1.97051e-08    4.4593e-08       73316.7     2.026e+07   2.03333e+07       15182.1    2.8277e-08      0.799152      0.146465       1.40343       33.6094
       5.6e-07    0.00941223       32.6783       16.3392       6.53567  -7.51286e-09   2.05545e-08   4.57759e-08       73316.7     2.026e+07   2.03333e+07       15182.1   2.86986e-08      0.803541      0.148011       1.41469       34.0817
       5.7e-07    0.00941223       32.6783       16.3392       6.53567  -7.95313e-09   2.14179e-08   4.69587e-08       73316.7     2.026e+07   2.03333e+07       15182.1   2.91203e-08      0.807779      0.149576       1.42563       34.5541
       5.8e-07    0.00941223       32.6783       16.3392       6.53567  -8.39682e-09   2.22946e-08   4.81397e-08       73316.7     2.026e+07   2.03333e+07         15182   2.95422e-08      0.811873      0.151162       1.43626       35.0267
       5.9e-07    0.00941223       32.6783       16.3392       6.53567  -8.84392e-09   2.31854e-08   4.93188e-08       73316.7     2.026e+07   2.03333e+07         15182   2.99641e-08      0.815827      0.152772       1.44657       35.4994
         6e-07    0.00941223       32.6783       16.3392       6.53567  -9.29475e-09    2.4091e-08   5.04956e-08       73316.7     2.026e+07   2.03333e+07         15182    3.0386e-08      0.819645      0.154406       1.45658       35.9724
       6.1e-07    0.00941223       32.6783       16.3392       6.53567  -9.74943e-09   2.50108e-08     5.167e-08       73316.7     2.026e+07   2.03333e+07         15182    3.0808e-08      0.823332      0.156066       1.46628       36.4454
       6.2e-07    0.00941223       32.6783       16.3392       6.53567  -1.02073e-08   2.59417e-08   5.28434e-08       73316.7     2.026e+07   2.03333e+07         15182   3.12299e-08      0.826894      0.157755       1.47568       36.9185
       6.3e-07    0.00941223       32.6783       16.3392       6.53567  -1.06678e-08   2.68838e-08   5.40153e-08       73316.7     2.026e+07   2.03333e+07         15182   3.16517e-08      0.830333      0.159472       1.48477       37.3917
       6.4e-07    0.00941223       32.6783       16.3392       6.53567  -1.11295e-08   2.78355e-08   5.51856e-08       73316.7     2.026e+07   2.03333e+07         15182   3.20734e-08      0.833653      0.161219       1.49357       37.8647
       6.5e-07    0.00941223       32.6783       16.3392       6.53567  -1.15918e-08   2.87953e-08   5.63552e-08       73316.7     2.026e+07   2.03333e+07         15182   3.24947e-08       0.83686      0.162997       1.50208       38.3376
       6.6e-07    0.00941223       32.6783       16.3392       6.53567  -1.20541e-08   2.97625e-08   5.75246e-08       73316.7     2.026e+07   2.03333e+07         15182   3.29155e-08      0.839957      0.164807        1.5103       38.8101
       6.7e-07    0.00941223       32.6783       16.3392       6.53567  -1.25159e-08   3.07385e-08   5.86944e-08       73316.7     2.026e+07   2.03333e+07         15182   3.33358e-08       0.84295      0.166649       1.51824       39.2821
       6.8e-07    0.00941223       32.6783       16.3392       6.53567  -1.29771e-08   3.17235e-08   5.98656e-08       73316.7     2.026e+07   2.03333e+07         15182   3.37554e-08      0.845846      0.168525       1.52589       39.7534
       6.9e-07    0.00941223       32.6783       16.3392       6.53567  -1.34378e-08   3.27152e-08   6.10399e-08       73316.7     2.026e+07   2.03333e+07       15181.9   3.41741e-08      0.848649      0.170435       1.53328       40.2238
         7e-07    0.00941223       32.6783       16.3392       6.53567  -1.38979e-08   3.37107e-08   6.22195e-08       73316.7     2.026e+07   2.03333e+07       15181.9   3.45917e-08      0.851366      0.172379       1.54039       40.6932
       7.1e-07    0.00941223       32.6783       16.3392       6.53567  -1.43576e-08   3.47072e-08   6.34055e-08       73316.7     2.026e+07   2.03333e+07       15181.9   3.50081e-08      0.854003      0.174357       1.54725       41.1614
       7.2e-07    0.00941223       32.6783       16.3392       6.53567   -1.4817e-08    3.5703e-08   6.45986e-08       73316.7     2.026e+07   2.03333e+07       15181.9   3.54231e-08      0.856564      0.176371       1.55385       41.6281
       7.3e-07    0.00941223       32.6783       16.3392       6.53567  -1.52759e-08   3.66972e-08   6.57982e-08       73316.7     2.026e+07   2.03333e+07       15181.9   3.58364e-08      0.859055       0.17842        1.5602       42.0931
       7.4e-07    0.00941223       32.6783       16.3392       6.53567  -1.57338e-08   3.76897e-08   6.70049e-08       73316.7     2.026e+07   2.03333e+07       15181.9    3.6248e-08      0.861483      0.180505       1.56631       42.5562
       7.5e-07    0.00941223       32.6783       16.3392       6.53567  -1.61904e-08   3.86815e-08   6.82192e-08       73316.7     2.026e+07   2.03333e+07       15181.9   3.66575e-08      0.863851      0.182625       1.57218        43.017
       7.6e-07    0.00941223       32.6783       16.3392       6.53567  -1.66449e-08   3.96738e-08   6.94411e-08       73316.7     2.026e+07   2.03333e+07       15181.9   3.70647e-08      0.866165       0.18478       1.57782       43.4754
       7.7e-07    0.00941223       32.6783       16.3392       6.53567  -1.70964e-08   4.06672e-08   7.06693e-08       73316.7     2.026e+07   2.03333e+07       15181.9   3.74695e-08      0.868429      0.186971       1.58324        43.931
       7.8e-07    0.00941223       32.6783       16.3392       6.53567  -1.75434e-08   4.16585e-08   7.19018e-08       73316.7     2.026e+07   2.03333e+07       15181.9   3.78715e-08      0.870647      0.189197       1.58845       44.3836
       7.9e-07    0.00941223       32.6783       16.3392       6.53567  -1.79849e-08   4.26434e-08   7.31393e-08       73316.7     2.026e+07   2.03333e+07       15181.8   3.82705e-08      0.872822      0.191458       1.59345       44.8328
         8e-07    0.00941223       32.6783       16.3392       6.53567  -1.84195e-08    4.3619e-08   7.43837e-08       73316.7     2.026e+07   2.03333e+07       15181.8   3.86664e-08       0.87496      0.193753       1.59826       45.2785
       8.1e-07    0.00941223       32.6783       16.3392       6.53567  -1.88458e-08   4.45822e-08   7.56362e-08       73316.7     2.026e+07   2.03333e+07       15181.8   3.90588e-08      0.877064      0.196082       1.60287       45.7203
       8.2e-07    0.00941223       32.6783       16.3392       6.53567  -1.92631e-08   4.55303e-08   7.68981e-08       73316.7     2.026e+07   2.03333e+07       15181.8   3.94475e-08      0.879135      0.198446       1.60729        46.158
       8.3e-07    0.00941223       32.6783       16.3392       6.53567  -1.96709e-08   4.64611e-08   7.81712e-08       73316.7     2.026e+07   2.03333e+07       15181.8   3.98323e-08      0.881179      0.200842       1.61154       46.5912
       8.4e-07    0.00941223       32.6783       16.3392       6.53567  -2.00687e-08   4.73724e-08   7.94565e-08       73316.7     2.026e+07   2.03333e+07       15181.8   4.02129e-08      0.883198      0.203271       1.61562       47.0196
       8.5e-07    0.00941223       32.6783       16.3392       6.53567  -2.04569e-08   4.82618e-08   8.07532e-08       73316.7     2.026e+07   2.03333e+07       15181.8   4.05891e-08      0.885194      0.205731       1.61955        47.443
       8.6e-07    0.00941223       32.6783       16.3392       6.53567  -2.08358e-08   4.91283e-08   8.20607e-08       73316.7     2.026e+07   2.03333e+07       15181.8   4.09607e-08       0.88717      0.208223       1.62332       47.8612
       8.7e-07    0.00941223       32.6783       16.3392       6.53567  -2.12065e-08   4.99744e-08   8.33797e-08       73316.7     2.026e+07   2.03333e+07       15181.7   4.13275e-08      0.889129      0.210745       1.62694       48.2737
       8.8e-07    0.00941223       32.6783       16.3392       6.53567  -2.15697e-08   5.08015e-08   8.47097e-08       73316.6     2.026e+07   2.03333e+07       15181.7   4.16892e-08      0.891073      0.213297       1.63043       48.6804
       8.9e-07    0.00941223       32.6783       16.3392       6.53567  -2.19256e-08   5.16083e-08   8.60505e-08       73316.6     2.026e+07   2.03333e+07       15181.7   4.20457e-08      0.893005      0.215877        1.6338       49.0811
         9e-07    0.00941223       32.6783       16.3392       6.53567  -2.22744e-08   5.23931e-08   8.74018e-08       73316.6     2.026e+07   2.03333e+07       15181.7   4.23966e-08      0.894926      0.218485       1.63704       49.4753
       9.1e-07    0.00941223       32.6783       16.3392       6.53567  -2.26166e-08   5.31549e-08   8.87632e-08       73316.6     2.026e+07   2.03333e+07       15181.7   4.27419e-08      0.896838       0.22112       1.64017       49.8631
       9.2e-07    0.00941223       32.6783       16.3392       6.53567  -2.29519e-08   5.38932e-08   9.01345e-08       73316.6     2.026e+07   2.03333e+07       15181.7   4.30814e-08      0.898743       0.22378       1.64319        50.244
       9.3e-07    0.00941223       32.6783       16.3392       6.53567  -2.32802e-08   5.46075e-08   9.15154e-08       73316.6     2.026e+07   2.03333e+07       15181.7   4.34148e-08       0.90064      0.226465       1.64612       50.6179
       9.4e-07    0.00941223       32.6783       16.3392       6.53567  -2.36017e-08   5.52972e-08   9.29053e-08       73316.6     2.026e+07   2.03333e+07       15181.7   4.37421e-08      0.902532      0.229174       1.64896       50.9848
       9.5e-07    0.00941223       32.6783       16.3392       6.53567  -2.39161e-08   5.59619e-08   9.43036e-08       73316.6     2.026e+07   2.03333e+07       15181.7   4.40631e-08      0.904417      0.231906       1.65171       51.3443
       9.6e-07    0.00941223       32.6783       16.3392       6.53567   -2.4223e-08   5.66007e-08     9.571e-08       73316.6     2.026e+07   2.03333e+07       15181.6   4.43777e-08      0.906297      0.234659       1.65439       51.6964
       9.7e-07    0.00941223       32.6783       16.3392       6.53567  -2.45227e-08    5.7214e-08    9.7124e-08       73316.6     2.026e+07   2.03333e+07       15181.6   4.46857e-08      0.908172      0.237432         1.657       52.0409
       9.8e-07    0.00941223       32.6783       16.3392       6.53567  -2.48163e-08   5.78042e-08   9.85455e-08       73316.6     2.026e+07   2.03333e+07       15181.6   4.49872e-08      0.910043      0.240224       1.65955       52.3778
       9.9e-07    0.00941223       32.6783       16.3392       6.53567  -2.51044e-08   5.83731e-08   9.99745e-08       73316.6     2.026e+07   2.03333e+07       15181.6    4.5282e-08      0.911909      0.243034       1.66203        52.707
         1e-06    0.00941223       32.6783       16.3392       6.53567  -2.53876e-08   5.89223e-08   1.01411e-07       73316.6     2.026e+07   2.03333e+07       15181.6   4.55701e-08      0.913772      0.245861       1.66447       53.0284
