          time          mass          xmom          ymom          zmom     ang_mom_x     ang_mom_y     ang_mom_z         rho_K         rho_e         rho_E         enstr   rho_mms_err     u_mms_err     v_mms_err     w_mms_err     p_mms_err
             0    0.00941223       32.6783       16.3392       6.53567  -8.43769e-15  -1.59872e-14  -3.55271e-15       73316.7     2.026e+07   2.03333e+07       10103.8             0   2.62035e-13    1.4631e-13   5.19717e-14   1.11538e-10
         1e-08    0.00941223       32.6783       16.3392       6.53567   1.16718e-07   -2.0256e-07   -2.4939e-08       73316.7     2.026e+07   2.03333e+07       10102.5   2.13769e-08      0.666826       0.12843       1.15745       26.9833
         2e-08    0.00941223       32.6783       16.3392       6.53567   2.32783e-07  -4.03961e-07  -4.94348e-08       73316.7     2.026e+07   2.03333e+07       10101.9   4.25737e-08       1.33178      0.255999       2.31011       53.7432
         3e-08    0.00941223       32.6783       16.3392       6.53567   3.48441e-07   -6.0461e-07  -7.35495e-08       73316.7     2.026e+07   2.03333e+07       10102.2   6.36388e-08       1.99522      0.382719        3.4581       80.3386
         4e-08    0.00941223       32.6783       16.3392       6.53567   4.63902e-07   -8.0474e-07  -9.73454e-08       73316.7     2.026e+07   2.03333e+07       10103.3   8.45996e-08       2.65756      0.508604       4.60083       106.802
         5e-08    0.00941223       32.6783       16.3392       6.53567   5.78837e-07  -1.00469e-06  -1.20866e-07       73316.8     2.026e+07   2.03333e+07       10105.1   1.05481e-07       3.31872      0.633667       5.73818       133.165
         6e-08    0.00941223       32.6783       16.3392       6.53567   6.93634e-07  -1.20441e-06  -1.43991e-07       73316.8     2.026e+07   2.03333e+07       10107.8   1.26292e-07       3.97853      0.757919       6.86982       159.435
         7e-08    0.00941223       32.6783       16.3392       6.53567   8.08022e-07  -1.40404e-06  -1.66786e-07       73316.9     2.026e+07   2.03333e+07       10111.1   1.47033e-07       4.63694      0.881375       7.99564       185.616
         8e-08    0.00941223       32.6783       16.3392       6.53567   9.22132e-07  -1.60343e-06  -1.89205e-07         73317     2.026e+07   2.03333e+07       10115.2    1.6771e-07       5.29371       1.00406       9.11576       211.712
         9e-08    0.00941223       32.6783       16.3392       6.53567   1.03648e-06  -1.80268e-06  -2.11275e-07       73317.1     2.026e+07   2.03333e+07       10120.1   1.88322e-07       5.94838       1.12599       10.2301       237.723
         1e-07    0.00941223       32.6783       16.3392       6.53567   1.15095e-06  -2.00196e-06  -2.32692e-07       73317.2     2.026e+07   2.03333e+07       10125.6   2.08872e-07       6.60073       1.24719       11.3385        263.65
       1.1e-07    0.00941223       32.6783       16.3392       6.53567   1.26512e-06  -2.20129e-06  -2.53497e-07       73317.4     2.026e+07   2.03333e+07       10131.8   2.29357e-07       7.25069       1.36768       12.4408       289.493
       1.2e-07    0.00941223       32.6783       16.3392       6.53567   1.37908e-06  -2.40023e-06  -2.73805e-07       73317.5     2.026e+07   2.03333e+07       10138.6   2.49777e-07       7.89816       1.48752       13.5369       315.251
       1.3e-07    0.00941223       32.6783       16.3392       6.53567   1.49286e-06  -2.59891e-06  -2.93619e-07       73317.7     2.026e+07   2.03333e+07       10146.1   2.70135e-07       8.54305       1.60674        14.627       340.924
       1.4e-07    0.00941223       32.6783       16.3392       6.53567   1.60671e-06  -2.79657e-06  -3.13266e-07       73317.9     2.026e+07   2.03333e+07       10154.3   2.90431e-07       9.18526       1.72537        15.711       366.516
       1.5e-07    0.00941223       32.6783       16.3392       6.53567   1.72091e-06  -2.99464e-06  -3.32271e-07       73318.1     2.026e+07   2.03333e+07       10163.1   3.10664e-07        9.8246       1.84341        16.789       392.024
       1.6e-07    0.00941223       32.6783       16.3392       6.53567   1.83478e-06  -3.19252e-06  -3.50908e-07       73318.3     2.026e+07   2.03333e+07       10172.4   3.30836e-07       10.4608       1.96088       17.8607       417.448
       1.7e-07    0.00941223       32.6783       16.3392       6.53567   1.94828e-06  -3.39014e-06  -3.69117e-07       73318.5     2.026e+07   2.03333e+07       10182.4   3.50947e-07       11.0937       2.07778        18.926       442.792
       1.8e-07    0.00941223       32.6783       16.3392       6.53567   2.06175e-06  -3.58795e-06  -3.86551e-07       73318.7     2.026e+07   2.03333e+07       10192.9   3.71002e-07       11.7232       2.19415        19.985       468.059
       1.9e-07    0.00941223       32.6783       16.3392       6.53567   2.17489e-06  -3.78582e-06  -4.03168e-07         73319     2.026e+07   2.03333e+07         10204   3.91009e-07       12.3494       2.31003       21.0377       493.259
         2e-07    0.00941223       32.6783       16.3392       6.53567   2.28646e-06  -3.98269e-06  -4.18153e-07       73319.3     2.026e+07   2.03333e+07       10215.6   4.10969e-07       12.9723       2.42541        22.084       518.394
       2.1e-07    0.00941223       32.6783       16.3392       6.53567   2.39612e-06  -4.17769e-06  -4.32597e-07       73319.5     2.026e+07   2.03333e+07       10227.8    4.3088e-07       13.5919       2.54031       23.1238       543.462
       2.2e-07    0.00941223       32.6783       16.3392       6.53567   2.50639e-06   -4.3748e-06  -4.46466e-07       73319.8     2.026e+07   2.03333e+07       10240.5   4.50739e-07       14.2081       2.65474       24.1573       568.459
       2.3e-07    0.00941223       32.6783       16.3392       6.53567   2.61637e-06  -4.57184e-06  -4.59715e-07       73320.1     2.026e+07   2.03333e+07       10253.7   4.70546e-07       14.8209       2.76871       25.1845       593.385
       2.4e-07    0.00941223       32.6783       16.3392       6.53567   2.72613e-06  -4.76884e-06  -4.72414e-07       73320.4     2.026e+07   2.03333e+07       10267.4   4.90302e-07       15.4306       2.88222       26.2053       618.241
       2.5e-07    0.00941223       32.6783       16.3392       6.53567   2.83563e-06  -4.96538e-06   -4.8508e-07       73320.7     2.026e+07   2.03333e+07       10281.6   5.10007e-07       16.0369       2.99531       27.2199       643.028
       2.6e-07    0.00941223       32.6783       16.3392       6.53567   2.94492e-06  -5.16156e-06  -4.96868e-07         73321     2.026e+07   2.03333e+07       10296.2   5.29663e-07       16.6401       3.10798       28.2281       667.746
       2.7e-07    0.00941223       32.6783       16.3392       6.53567   3.05368e-06  -5.35754e-06  -5.07975e-07       73321.4     2.026e+07   2.03333e+07       10311.4   5.49269e-07         17.24       3.22024       29.2301       692.398
       2.8e-07    0.00941223       32.6783       16.3392       6.53567   3.16167e-06  -5.55357e-06  -5.18434e-07       73321.7     2.026e+07   2.03333e+07         10327   5.68828e-07       17.8367       3.33209       30.2258       716.984
       2.9e-07    0.00941223       32.6783       16.3392       6.53567   3.26966e-06  -5.74976e-06  -5.28221e-07       73322.1     2.026e+07   2.03333e+07         10343    5.8834e-07       18.4302       3.44354       31.2154       741.507
         3e-07    0.00941223       32.6783       16.3392       6.53567   3.37705e-06  -5.94581e-06  -5.37537e-07       73322.4     2.026e+07   2.03333e+07       10359.5   6.07806e-07       19.0206       3.55459       32.1987       765.966
       3.1e-07    0.00941223       32.6783       16.3392       6.53567   3.48395e-06  -6.14158e-06  -5.46187e-07       73322.8     2.026e+07   2.03333e+07       10376.4   6.27226e-07       19.6078       3.66525       33.1759       790.364
       3.2e-07    0.00941223       32.6783       16.3392       6.53567   3.59061e-06  -6.33775e-06  -5.54204e-07       73323.2     2.026e+07   2.03333e+07       10393.8   6.46602e-07       20.1919       3.77552       34.1468         814.7
       3.3e-07    0.00941223       32.6783       16.3392       6.53567   3.69715e-06  -6.53374e-06   -5.6196e-07       73323.6     2.026e+07   2.03333e+07       10411.5   6.65934e-07       20.7729        3.8854       35.1115       838.976
       3.4e-07    0.00941223       32.6783       16.3392       6.53567   3.80343e-06  -6.72977e-06  -5.69238e-07         73324     2.026e+07   2.03333e+07       10429.7   6.85223e-07       21.3508       3.99491       36.0701       863.193
       3.5e-07    0.00941223       32.6783       16.3392       6.53567   3.90936e-06  -6.92575e-06  -5.75224e-07       73324.4     2.026e+07   2.03333e+07       10448.2   7.04471e-07       21.9256       4.10403       37.0225       887.352
       3.6e-07    0.00941223       32.6783       16.3392       6.53567   4.01503e-06  -7.12106e-06  -5.80412e-07       73324.8     2.026e+07   2.03333e+07       10467.1   7.23679e-07       22.4975       4.21277       37.9688       911.457
       3.7e-07    0.00941223       32.6783       16.3392       6.53567   4.12073e-06  -7.31665e-06   -5.8599e-07       73325.2     2.026e+07   2.03333e+07       10486.4    7.4285e-07       23.0664       4.32114       38.9091        935.51
       3.8e-07    0.00941223       32.6783       16.3392       6.53567   4.22604e-06  -7.51166e-06  -5.90266e-07       73325.7     2.026e+07   2.03333e+07       10506.1   7.61988e-07       23.6323        4.4291       39.8433       959.514
       3.9e-07    0.00941223       32.6783       16.3392       6.53567   4.33078e-06    -7.706e-06  -5.93828e-07       73326.1     2.026e+07   2.03333e+07       10526.1   7.81093e-07       24.1953       4.53667       40.7716       983.473
         4e-07    0.00941223       32.6783       16.3392       6.53567   4.43501e-06   -7.8997e-06  -5.97381e-07       73326.6     2.026e+07   2.03333e+07       10546.5   8.00166e-07       24.7554       4.64386        41.694       1007.39
       4.1e-07    0.00941223       32.6783       16.3392       6.53567   4.53889e-06   -8.0928e-06  -6.00563e-07         73327     2.026e+07   2.03333e+07       10567.2   8.19208e-07       25.3125       4.75069       42.6103       1031.25
       4.2e-07    0.00941223       32.6783       16.3392       6.53567   4.64348e-06  -8.28704e-06  -6.03457e-07       73327.5     2.026e+07   2.03333e+07       10588.2   8.38217e-07       25.8666       4.85715       43.5208       1055.08
       4.3e-07    0.00941223       32.6783       16.3392       6.53567   4.74836e-06  -8.48219e-06  -6.05869e-07         73328     2.026e+07   2.03333e+07       10609.6   8.57195e-07       26.4178       4.96326       44.4254       1078.85
       4.4e-07    0.00941223       32.6783       16.3392       6.53567   4.85323e-06   -8.6774e-06  -6.07769e-07       73328.4     2.026e+07   2.03333e+07       10631.3    8.7614e-07        26.966       5.06901       45.3242       1102.58
       4.5e-07    0.00941223       32.6783       16.3392       6.53567    4.9582e-06  -8.87257e-06  -6.09151e-07       73328.9     2.026e+07   2.03333e+07       10653.3   8.95054e-07       27.5113       5.17443       46.2172       1126.27
       4.6e-07    0.00941223       32.6783       16.3392       6.53567   5.06255e-06  -9.06655e-06  -6.10097e-07       73329.4     2.026e+07   2.03333e+07       10675.6   9.13936e-07       28.0538        5.2795       47.1045       1149.91
       4.7e-07    0.00941223       32.6783       16.3392       6.53567   5.16674e-06  -9.26035e-06  -6.10485e-07       73329.9     2.026e+07   2.03333e+07       10698.2   9.32785e-07       28.5932       5.38424        47.986        1173.5
       4.8e-07    0.00941223       32.6783       16.3392       6.53567   5.27065e-06    -9.454e-06  -6.10218e-07       73330.4     2.026e+07   2.03333e+07         10721   9.51603e-07       29.1299       5.48865        48.862       1197.05
       4.9e-07    0.00941223       32.6783       16.3392       6.53567   5.37412e-06   -9.6476e-06  -6.09369e-07       73330.9     2.026e+07   2.03333e+07       10744.2   9.70389e-07       29.6636       5.59274       49.7323       1220.56
         5e-07    0.00941223       32.6783       16.3392       6.53567   5.47737e-06  -9.84134e-06  -6.08035e-07       73331.5     2.026e+07   2.03333e+07       10767.6   9.89143e-07       30.1945       5.69652        50.597       1244.01
       5.1e-07    0.00941223       32.6783       16.3392       6.53567   5.58041e-06   -1.0035e-05  -6.06404e-07         73332     2.026e+07   2.03333e+07       10791.3   1.00786e-06       30.7225       5.79999       51.4561       1267.43
       5.2e-07    0.00941223       32.6783       16.3392       6.53567   5.68337e-06  -1.02291e-05  -6.04512e-07       73332.5     2.026e+07   2.03333e+07       10815.3   1.02655e-06       31.2477       5.90316       52.3098       1290.79
       5.3e-07    0.00941223       32.6783       16.3392       6.53567   5.78611e-06  -1.04231e-05  -6.02384e-07         73333     2.026e+07   2.03333e+07       10839.6   1.04521e-06       31.7702       6.00603       53.1579       1314.11
       5.4e-07    0.00941223       32.6783       16.3392       6.53567   5.88857e-06  -1.06174e-05  -5.99842e-07       73333.6     2.026e+07   2.03333e+07         10864   1.06383e-06       32.2898       6.10861       54.0006       1337.38
       5.5e-07    0.00941223       32.6783       16.3392       6.53567   5.99068e-06  -1.08114e-05  -5.97002e-07       73334.1     2.026e+07   2.03333e+07       10888.8   1.08241e-06       32.8066       6.21089       54.8379        1360.6
       5.6e-07    0.00941223       32.6783       16.3392       6.53567   6.09252e-06  -1.10052e-05  -5.94049e-07       73334.7     2.026e+07   2.03333e+07       10913.7   1.10096e-06       33.3207       6.31287       55.6699       1383.77
       5.7e-07    0.00941223       32.6783       16.3392       6.53567   6.19433e-06  -1.11996e-05  -5.90325e-07       73335.2     2.026e+07   2.03333e+07       10938.9   1.11947e-06        33.832       6.41454       56.4965       1406.89
       5.8e-07    0.00941223       32.6783       16.3392       6.53567   6.29603e-06  -1.13941e-05  -5.85767e-07       73335.8     2.026e+07   2.03333e+07       10964.3   1.13794e-06       34.3406       6.51588       57.3178       1429.96
       5.9e-07    0.00941223       32.6783       16.3392       6.53567   6.39764e-06  -1.15883e-05  -5.80796e-07       73336.4     2.026e+07   2.03333e+07         10990   1.15638e-06       34.8464       6.61688       58.1338       1452.98
         6e-07    0.00941223       32.6783       16.3392       6.53567   6.49912e-06  -1.17819e-05  -5.75492e-07       73336.9     2.026e+07   2.03333e+07       11015.8   1.17478e-06       35.3495       6.71756       58.9447       1475.95
       6.1e-07    0.00941223       32.6783       16.3392       6.53567    6.6002e-06  -1.19747e-05  -5.69417e-07       73337.5     2.026e+07   2.03333e+07       11041.9   1.19315e-06       35.8499       6.81791       59.7504       1498.87
       6.2e-07    0.00941223       32.6783       16.3392       6.53567   6.70084e-06  -1.21671e-05  -5.62487e-07       73338.1     2.026e+07   2.03333e+07       11068.1   1.21148e-06       36.3475       6.91793       60.5509       1521.74
       6.3e-07    0.00941223       32.6783       16.3392       6.53567   6.80115e-06  -1.23593e-05  -5.55087e-07       73338.7     2.026e+07   2.03333e+07       11094.6   1.22977e-06       36.8425       7.01763       61.3463       1544.56
       6.4e-07    0.00941223       32.6783       16.3392       6.53567   6.90112e-06  -1.25514e-05  -5.46913e-07       73339.3     2.026e+07   2.03333e+07       11121.2   1.24803e-06       37.3348       7.11702       62.1367       1567.33
       6.5e-07    0.00941223       32.6783       16.3392       6.53567   7.00076e-06  -1.27433e-05  -5.37888e-07       73339.9     2.026e+07   2.03333e+07         11148   1.26626e-06       37.8245       7.21609        62.922       1590.05
       6.6e-07    0.00941223       32.6783       16.3392       6.53567   7.09999e-06  -1.29349e-05  -5.27864e-07       73340.4     2.026e+07   2.03333e+07         11175   1.28444e-06       38.3115       7.31487       63.7023       1612.72
       6.7e-07    0.00941223       32.6783       16.3392       6.53567   7.19879e-06   -1.3126e-05  -5.17263e-07         73341     2.026e+07   2.03333e+07       11202.1    1.3026e-06       38.7958       7.41335       64.4776       1635.34
       6.8e-07    0.00941223       32.6783       16.3392       6.53567   7.29737e-06  -1.33171e-05  -5.06658e-07       73341.7     2.026e+07   2.03333e+07       11229.4   1.32071e-06       39.2775       7.51153       65.2479       1657.92
       6.9e-07    0.00941223       32.6783       16.3392       6.53567   7.39581e-06  -1.35086e-05  -4.95932e-07       73342.3     2.026e+07   2.03333e+07       11256.9   1.33879e-06       39.7567       7.60943       66.0133       1680.44
         7e-07    0.00941223       32.6783       16.3392       6.53567   7.49426e-06  -1.37007e-05  -4.84918e-07       73342.9     2.026e+07   2.03333e+07       11284.5   1.35684e-06       40.2332       7.70705       66.7739       1702.92
       7.1e-07    0.00941223       32.6783       16.3392       6.53567   7.59294e-06  -1.38937e-05  -4.73247e-07       73343.5     2.026e+07   2.03333e+07       11312.2   1.37485e-06       40.7071       7.80439       67.5295       1725.35
       7.2e-07    0.00941223       32.6783       16.3392       6.53567   7.69156e-06  -1.40872e-05  -4.60836e-07       73344.1     2.026e+07   2.03333e+07       11340.1   1.39282e-06       41.1785       7.90147       68.2804       1747.72
       7.3e-07    0.00941223       32.6783       16.3392       6.53567   7.78973e-06  -1.42805e-05   -4.4776e-07       73344.7     2.026e+07   2.03333e+07       11368.1   1.41076e-06       41.6473       7.99828       69.0264       1770.05
       7.4e-07    0.00941223       32.6783       16.3392       6.53567   7.88791e-06  -1.44741e-05  -4.34137e-07       73345.3     2.026e+07   2.03333e+07       11396.3   1.42867e-06       42.1135       8.09483       69.7677       1792.33
       7.5e-07    0.00941223       32.6783       16.3392       6.53567   7.98636e-06  -1.46687e-05   -4.1994e-07         73346     2.026e+07   2.03333e+07       11424.5   1.44653e-06       42.5772       8.19112       70.5043       1814.56
       7.6e-07    0.00941223       32.6783       16.3392       6.53567    8.0846e-06  -1.48635e-05  -4.05228e-07       73346.6     2.026e+07   2.03333e+07       11452.9   1.46437e-06       43.0384       8.28718       71.2362       1836.74
       7.7e-07    0.00941223       32.6783       16.3392       6.53567   8.18228e-06   -1.5058e-05  -3.89766e-07       73347.2     2.026e+07   2.03333e+07       11481.4   1.48216e-06        43.497       8.38298       71.9635       1858.88
       7.8e-07    0.00941223       32.6783       16.3392       6.53567   8.27953e-06  -1.52524e-05  -3.73212e-07       73347.9     2.026e+07   2.03333e+07         11510   1.49992e-06       43.9531       8.47856       72.6861       1880.96
       7.9e-07    0.00941223       32.6783       16.3392       6.53567   8.37652e-06   -1.5447e-05  -3.55792e-07       73348.5     2.026e+07   2.03333e+07       11538.7   1.51765e-06       44.4067        8.5739       73.4042          1903
         8e-07    0.00941223       32.6783       16.3392       6.53567   8.47329e-06  -1.56422e-05  -3.37632e-07       73349.1     2.026e+07   2.03333e+07       11567.5   1.53534e-06       44.8578       8.66902       74.1177       1924.98
       8.1e-07    0.00941223       32.6783       16.3392       6.53567   8.56992e-06  -1.58378e-05  -3.19136e-07       73349.8     2.026e+07   2.03333e+07       11596.4     1.553e-06       45.3065       8.76391       74.8268       1946.93
       8.2e-07    0.00941223       32.6783       16.3392       6.53567   8.66638e-06  -1.60341e-05  -3.00486e-07       73350.4     2.026e+07   2.03333e+07       11625.4   1.57062e-06       45.7526       8.85857       75.5314       1968.82
       8.3e-07    0.00941223       32.6783       16.3392       6.53567   8.76251e-06  -1.62309e-05  -2.80738e-07       73351.1     2.026e+07   2.03333e+07       11654.5   1.58821e-06       46.1963       8.95301       76.2315       1990.67
       8.4e-07    0.00941223       32.6783       16.3392       6.53567   8.85822e-06   -1.6428e-05  -2.60148e-07       73351.7     2.026e+07   2.03333e+07       11683.7   1.60577e-06       46.6375       9.04722       76.9273       2012.47
       8.5e-07    0.00941223       32.6783       16.3392       6.53567   8.95352e-06   -1.6625e-05  -2.39149e-07       73352.4     2.026e+07   2.03333e+07       11712.9   1.62329e-06       47.0762       9.14121       77.6187       2034.23
       8.6e-07    0.00941223       32.6783       16.3392       6.53567   9.04833e-06  -1.68216e-05  -2.17496e-07         73353     2.026e+07   2.03333e+07       11742.2   1.64078e-06       47.5125       9.23498       78.3057       2055.94
       8.7e-07    0.00941223       32.6783       16.3392       6.53567    9.1426e-06  -1.70183e-05  -1.94895e-07       73353.7     2.026e+07   2.03333e+07       11771.5   1.65824e-06       47.9464       9.32853       78.9885       2077.61
       8.8e-07    0.00941223       32.6783       16.3392       6.53567   9.23637e-06  -1.72162e-05  -1.71137e-07       73354.3     2.026e+07   2.03333e+07         11801   1.67567e-06       48.3779       9.42189       79.6671       2099.24
       8.9e-07    0.00941223       32.6783       16.3392       6.53567   9.32974e-06  -1.74144e-05  -1.46655e-07         73355     2.026e+07   2.03333e+07       11830.4   1.69307e-06       48.8069       9.51503       80.3414       2120.82
         9e-07    0.00941223       32.6783       16.3392       6.53567   9.42294e-06  -1.76133e-05   -1.2151e-07       73355.6     2.026e+07   2.03333e+07         11860   1.71043e-06       49.2336       9.60797       81.0115       2142.37
       9.1e-07    0.00941223       32.6783       16.3392       6.53567   9.51602e-06   -1.7813e-05  -9.57584e-08       73356.3     2.026e+07   2.03333e+07       11889.6   1.72777e-06       49.6579       9.70071       81.6775       2163.87
       9.2e-07    0.00941223       32.6783       16.3392       6.53567   9.60937e-06  -1.80144e-05  -6.95531e-08         73357     2.026e+07   2.03333e+07       11919.2   1.74507e-06       50.0799       9.79325       82.3394       2185.32
       9.3e-07    0.00941223       32.6783       16.3392       6.53567   9.70241e-06  -1.82158e-05  -4.33148e-08       73357.6     2.026e+07   2.03333e+07       11948.9   1.76235e-06       50.4995       9.88561       82.9972       2206.74
       9.4e-07    0.00941223       32.6783       16.3392       6.53567   9.79514e-06  -1.84166e-05  -1.69429e-08       73358.3     2.026e+07   2.03333e+07       11978.6   1.77959e-06       50.9168       9.97779        83.651       2228.11
       9.5e-07    0.00941223       32.6783       16.3392       6.53567    9.8873e-06  -1.86156e-05   9.67567e-09         73359     2.026e+07   2.03333e+07       12008.4   1.79681e-06       51.3317       10.0698       84.3007       2249.44
       9.6e-07    0.00941223       32.6783       16.3392       6.53567   9.97926e-06  -1.88145e-05   3.65591e-08       73359.6     2.026e+07   2.03333e+07       12038.2   1.81399e-06       51.7444       10.1616       84.9464       2270.73
       9.7e-07    0.00941223       32.6783       16.3392       6.53567   1.00712e-05  -1.90144e-05   6.41088e-08       73360.3     2.026e+07   2.03333e+07       12068.1   1.83114e-06       52.1547       10.2533       85.5882       2291.98
       9.8e-07    0.00941223       32.6783       16.3392       6.53567   1.01631e-05  -1.92157e-05   9.22195e-08         73361     2.026e+07   2.03333e+07       12097.9   1.84827e-06       52.5628       10.3447        86.226       2313.19
       9.9e-07    0.00941223       32.6783       16.3392       6.53567   1.02548e-05  -1.94173e-05    1.2045e-07       73361.6     2.026e+07   2.03333e+07       12127.8   1.86536e-06       52.9686        10.436       86.8599       2334.35
         1e-06    0.00941223       32.6783       16.3392       6.53567   1.03462e-05   -1.9618e-05   1.48871e-07       73362.3     2.026e+07   2.03333e+07       12157.7   1.88242e-06       53.3722       10.5272       87.4899       2355.47
