          time   rho_mms_err     u_mms_err     v_mms_err     w_mms_err     p_mms_err  rho_residual rhou_residual rhov_residual rhow_residual rhoE_residual
   4.39335e-09   2.06047e-07       130.472       110.157       145.768       6501.14   1.49043e-07      0.141005      0.119371      0.161395       18147.8
   9.22602e-09   4.30934e-07       265.981       224.777       297.288       13302.4   1.63386e-07      0.147137      0.125023      0.168489       19082.6
    1.4542e-08   6.77322e-07        406.13       343.605       454.089         20400   1.80233e-07      0.152845      0.130408      0.175078       20004.4
   2.03895e-08    9.5045e-07       550.294        466.22       615.499       27791.1   2.06376e-07      0.157735      0.135282      0.180973       20902.9
   2.68218e-08    1.2506e-06       697.888       592.173       780.742       35464.2   2.29462e-07       0.16197      0.139859      0.185865         21757
   3.38973e-08   1.58434e-06       848.213       721.004       949.057       43410.4   2.56696e-07      0.165464      0.143724      0.189924       22567.3
   4.16804e-08   1.95658e-06       1000.28       851.893       1119.33       51608.2   2.89674e-07      0.167734       0.14664      0.192771       23283.9
   5.02418e-08   2.37391e-06       1153.14       984.174       1290.48       60051.1   3.28234e-07      0.169014      0.148783      0.194392       23975.6
   5.96593e-08   2.83911e-06       1305.68       1116.99       1461.18         68713   3.72038e-07      0.168853      0.149873      0.194667       24572.1
   7.00186e-08   3.34886e-06        1456.7        1249.1       1629.97       77570.8   4.14696e-07      0.167775       0.14924      0.193019       25078.7
   8.14138e-08   3.91283e-06       1604.83        1379.7       1795.45       86604.9   4.62326e-07      0.165028      0.148032      0.189775       25515.8
   9.39485e-08   4.54497e-06       1748.68       1507.54       1956.19       95791.1   5.25834e-07      0.160812      0.145115      0.184779       25859.9
   1.07737e-07   5.25248e-06       1887.01       1631.08       2110.78        105090   5.94299e-07      0.154485      0.140044        0.1782       26009.4
    1.2226e-07   6.00967e-06        2013.7       1745.12       2252.17        114100   6.37833e-07      0.141654      0.129834      0.163765       25120.9
   1.36768e-07   6.77633e-06       2123.71       1844.78       2374.79        122394   6.48357e-07      0.123015      0.113864      0.142677       23032.5
    1.5126e-07   7.54955e-06       2219.37       1932.02        2481.5        130060   6.57078e-07      0.107228      0.100247      0.124714       21227.9
   1.65735e-07   8.32576e-06       2302.79       2008.51       2574.44        137169   6.61487e-07     0.0937825     0.0885585      0.109379       19645.2
   1.80194e-07   9.10377e-06       2375.69       2075.64       2655.66        143782   6.65096e-07     0.0823492     0.0785458     0.0963923       18250.8
   1.94637e-07   9.88387e-06       2439.36       2134.57       2726.85        149960    6.7345e-07      0.072464     0.0696374     0.0855615       17026.6
   2.09064e-07   1.06653e-05       2495.07       2186.27       2789.22        155737   6.79818e-07     0.0639865      0.062386     0.0757781       15897.1
   2.23476e-07   1.14455e-05       2543.97       2231.79       2844.09        161153   6.79499e-07     0.0569617     0.0561455     0.0677451       14901.7
   2.37872e-07   1.22237e-05       2587.03       2271.94       2892.51        166240    6.7822e-07     0.0510207     0.0508092     0.0609554       14003.3
   2.52252e-07   1.29982e-05       2624.96       2307.35       2935.32        171027   6.76043e-07       0.04599     0.0462344     0.0551632       13188.3
   2.66618e-07    1.3761e-05       2658.59       2338.65        2973.3        175535   6.65449e-07     0.0417524     0.0426245     0.0500739       12435.8
   2.80969e-07   1.44913e-05       2687.97       2365.93       3006.53        179780   6.41542e-07     0.0380217     0.0385632     0.0455262       11687.7
   2.95305e-07   1.52194e-05       2714.08       2389.93       3036.11        183792   6.42484e-07     0.0350201     0.0358469     0.0420998       11075.1
   3.09627e-07   1.59445e-05       2737.28       2411.04       3062.33        187589   6.41385e-07     0.0325397     0.0336059      0.038962       10518.2
   3.23935e-07   1.66648e-05       2757.97       2429.83       3085.78        191186   6.37575e-07     0.0304612     0.0317371      0.036411       9984.52
   3.38228e-07   1.73625e-05       2776.08        2446.4       3106.73        194587    6.2196e-07     0.0286181     0.0300731     0.0339037       9442.81
   3.52509e-07    1.8055e-05       2792.22        2461.1       3125.54        197814   6.17193e-07     0.0272428     0.0287235      0.032053       8990.03
   3.66775e-07    1.8743e-05        2806.6       2474.11       3142.44        200878   6.12881e-07     0.0260976     0.0276554      0.030487       8564.26
   3.81029e-07   1.94279e-05       2819.47       2485.68       3157.66        203788   6.10252e-07     0.0252629     0.0267986     0.0292087       8167.57
   3.95269e-07   2.01089e-05          2831       2495.98        3171.4        206554   6.05835e-07     0.0245009     0.0260409     0.0280829       7798.23
   4.09497e-07   2.07847e-05       2841.29       2505.09       3183.77        209183   6.01493e-07     0.0239181     0.0254543      0.027146       7453.12
   4.23712e-07   2.14557e-05       2850.54       2513.25          3195        211686   5.97218e-07     0.0234374     0.0249887     0.0263367       7134.81
   4.37915e-07   2.21243e-05       2858.83       2520.45       3205.12        214070   5.95628e-07     0.0230529     0.0247479     0.0257885       6843.06
   4.52105e-07   2.27701e-05       2866.08       2526.69       3214.06        216335   5.81514e-07      0.022654     0.0239506      0.025097       6521.61
   4.66284e-07   2.34134e-05       2872.65       2532.07        3222.2        218500   5.88561e-07     0.0228317     0.0243028     0.0249283       6305.97
   4.80452e-07   2.40523e-05       2878.55       2536.82       3229.64        220563   5.84728e-07     0.0224728     0.0239272     0.0244592       6054.91
   4.94607e-07   2.46875e-05        2883.9       2541.08       3236.47        222530   5.80348e-07     0.0221981      0.023603     0.0239332       5817.24
   5.08752e-07   2.53188e-05       2888.76       2544.88       3242.76        224407   5.76212e-07     0.0220045     0.0233295     0.0234971       5594.19
   5.22885e-07   2.59454e-05       2893.08       2548.23       3248.54        226199   5.71447e-07     0.0218542     0.0230235     0.0231107       5386.62
   5.37007e-07   2.65693e-05          2897       2551.19        3253.9        227911   5.68527e-07     0.0216875     0.0228658     0.0227885       5191.78
   5.51119e-07   2.71888e-05       2900.61       2553.86       3258.87        229546   5.64047e-07     0.0214848     0.0225913     0.0224094       5002.25
    5.6522e-07   2.77905e-05       2903.72       2555.99       3263.34        231111   5.56475e-07      0.021272     0.0220212     0.0223554       4832.34
   5.79311e-07   2.83863e-05       2906.52       2557.91        3267.5        232606   5.50999e-07     0.0209948     0.0217234     0.0219354       4661.42
   5.93391e-07   2.89786e-05       2909.07       2559.58       3271.35        234035   5.47125e-07     0.0207784     0.0214986     0.0215824       4502.99
   6.07459e-07   2.95657e-05       2911.42       2561.12       3274.94        235401   5.42771e-07     0.0206008     0.0213323     0.0213136       4353.48
    6.2151e-07   3.01486e-05       2913.58        2562.5        3278.3        236706   5.38535e-07      0.020404      0.021129     0.0209598       4209.91
   6.35546e-07   3.07266e-05       2915.59       2563.64       3281.43        237956   5.35014e-07     0.0202293      0.021031     0.0206484       4081.59
   6.49566e-07   3.13003e-05       2917.37       2564.66       3284.39        239152   5.30856e-07     0.0200939     0.0208006     0.0203539       3954.94
   6.63571e-07   3.18716e-05       2919.02       2565.57          3287        240296   5.27751e-07     0.0199944     0.0206461     0.0201417       3840.36
    6.7756e-07   3.24379e-05       2920.58       2566.44       3289.49        241392   5.23322e-07     0.0198181     0.0204291     0.0198683        3729.2
   6.91533e-07   3.29999e-05       2922.02       2567.23       3291.86        242441    5.1896e-07     0.0196718     0.0202549     0.0196476       3623.41
   7.05492e-07   3.35602e-05       2923.27       2567.99       3294.13        243451   5.19372e-07     0.0199145     0.0200961      0.019657       3564.53
   7.19435e-07   3.41165e-05       2924.38       2568.61       3296.22        244418   5.16268e-07     0.0198015     0.0199913     0.0194433       3467.02
   7.33364e-07   3.46683e-05       2925.41       2569.22       3298.25        245345   5.12289e-07     0.0196154      0.019851     0.0192163       3377.12
   7.47277e-07   3.52164e-05        2926.4       2569.79       3300.17        246233   5.06202e-07     0.0193824     0.0196139     0.0190071       3278.15
   7.61176e-07   3.57602e-05       2927.34       2570.34       3302.02        247086    5.0216e-07     0.0191758     0.0194189     0.0187751       3199.01
    7.7506e-07   3.62904e-05       2928.07       2570.62       3303.67        247903   4.91017e-07     0.0189376     0.0191942     0.0184335       3092.51
    7.8893e-07   3.68161e-05       2928.77       2570.91       3305.26        248687   4.87056e-07     0.0187458     0.0190223     0.0182128       3019.27
   8.02766e-07   3.73369e-05       2929.43       2571.18        3306.8        249437   4.82585e-07     0.0185632     0.0188354     0.0179883       2948.46
   8.16566e-07   3.78529e-05       2929.95       2571.25       3308.32        250159    4.8043e-07      0.018823     0.0191643     0.0178518       2933.79
   8.30329e-07   3.83639e-05       2930.47       2571.36       3309.79        250851   4.74981e-07     0.0185656     0.0188574     0.0176054       2857.44
   8.44057e-07   3.88689e-05       2930.97       2571.44       3311.24        251518   4.70183e-07     0.0183985     0.0186097     0.0173436       2800.38
    8.5775e-07   3.93677e-05       2931.47       2571.57       3312.69        252157   4.64293e-07     0.0181055      0.018259     0.0170311       2721.58
   8.71408e-07   3.98623e-05       2931.96       2571.69        3314.1        252770   4.60159e-07     0.0179166     0.0180641     0.0168194       2663.16
   8.85033e-07   4.03526e-05       2932.43       2571.81       3315.46        253359   4.56026e-07     0.0177255     0.0178618     0.0166215       2607.39
   8.98625e-07   4.08381e-05       2932.89       2571.91        3316.8        253928   4.52539e-07     0.0176344     0.0176997     0.0164325       2561.66
   9.12184e-07   4.13195e-05       2933.35       2572.03        3318.1        254474   4.48517e-07     0.0174538     0.0175184     0.0162592       2511.83
    9.2571e-07   4.17968e-05       2933.79       2572.13       3319.35        254999   4.44802e-07     0.0172969     0.0173448     0.0160986        2464.8
   9.39205e-07   4.22721e-05       2934.09       2572.16       3320.54        255504   4.45759e-07     0.0174618     0.0173528     0.0160412       2432.34
   9.52669e-07   4.27392e-05       2934.65       2572.13        3321.6        255996   4.47168e-07     0.0172715     0.0184213     0.0163365       2476.43
   9.66102e-07   4.32022e-05       2935.18       2572.16       3322.64        256470   4.43021e-07     0.0170816     0.0180183     0.0161074       2423.68
   9.79506e-07   4.36614e-05       2935.68       2572.17       3323.64        256926   4.39422e-07     0.0169862      0.017752     0.0159431       2379.32
   9.92879e-07   4.41192e-05       2936.05       2572.11       3324.61        257368   4.43359e-07       0.01736      0.017679     0.0161343       2384.62
   1.00622e-06   4.45737e-05       2936.41       2572.09       3325.57        257795    4.3945e-07     0.0171266     0.0174123     0.0159418       2340.95
   1.01954e-06   4.50261e-05        2936.6       2571.97       3326.35        258206   4.41739e-07     0.0171612     0.0177398     0.0158847       2326.86
   1.03283e-06   4.54751e-05       2936.82       2571.88       3327.14        258602   4.37913e-07     0.0169614     0.0174837     0.0157081       2287.61
   1.04609e-06   4.59192e-05       2937.13       2571.88       3327.85        258984   4.33621e-07     0.0169554     0.0172453     0.0156369       2251.77
   1.05932e-06   4.63606e-05       2937.46       2571.82       3328.53        259352    4.3096e-07     0.0167172     0.0173797     0.0155383       2234.07
   1.07253e-06   4.67964e-05       2937.88       2571.88       3329.39        259706   4.20744e-07     0.0163979     0.0166017     0.0151981       2166.39
   1.08571e-06   4.72315e-05       2938.17       2571.83       3330.06        260050   4.24014e-07     0.0163661      0.016895     0.0152237       2166.05
   1.09886e-06   4.76631e-05       2938.47       2571.81       3330.74        260382   4.20368e-07     0.0162165     0.0166486     0.0150525       2135.58
   1.11199e-06   4.80853e-05       2938.66        2571.6        3331.3        260705   4.21704e-07     0.0164665     0.0166544     0.0155349       2166.67
   1.12509e-06   4.85045e-05       2938.86       2571.39       3331.86        261016   4.18192e-07     0.0162565     0.0164692     0.0153282       2132.22
   1.13817e-06   4.89171e-05        2939.1        2571.3       3332.57        261316   4.08588e-07     0.0159799     0.0158027     0.0149667       2068.17
   1.15123e-06   4.93296e-05       2939.27       2571.13       3333.13        261608   4.11631e-07     0.0159154     0.0160626     0.0149064       2068.56
   1.16426e-06   4.97362e-05        2939.4        2570.9       3333.66        261893   4.09078e-07     0.0157775     0.0158435     0.0148512       2051.02
   1.17726e-06     5.014e-05       2939.54       2570.71       3334.21        262169   4.06061e-07     0.0156354     0.0156669      0.014685       2023.03
   1.19025e-06   5.05368e-05        2939.6       2570.76       3334.69        262443   4.11954e-07     0.0168333     0.0155856     0.0157549       2154.33
   1.20321e-06   5.09284e-05       2939.77       2570.88       3335.33        262707   4.03025e-07     0.0164936     0.0150202     0.0153181       2085.72
   1.21615e-06   5.13201e-05       2939.85       2570.91       3335.81        262965   4.05878e-07     0.0163505     0.0153886     0.0152145       2076.99
   1.22906e-06   5.17093e-05       2939.95       2570.95       3336.32        263215   4.02631e-07      0.016124     0.0152493     0.0149632       2042.01
   1.24196e-06   5.20959e-05       2940.08       2571.01       3336.84        263458   3.99485e-07     0.0159382     0.0151941     0.0147795       2012.66
   1.25483e-06   5.24775e-05        2940.2       2571.08       3337.41        263691   3.97088e-07     0.0159083     0.0150488     0.0147985       2003.78
   1.26768e-06   5.28596e-05       2940.23       2571.06       3337.82        263919   3.99517e-07     0.0157953     0.0153009      0.014702       1999.75
   1.28052e-06   5.32392e-05       2940.29       2571.09       3338.27        264140    3.9646e-07     0.0156279     0.0151586     0.0145282       1970.51
   1.29333e-06   5.36118e-05        2940.5       2571.25        3338.9        264355   3.82653e-07     0.0151795      0.014365     0.0140897       1887.41
   1.30612e-06   5.39868e-05       2940.57       2571.25       3339.33        264564    3.9091e-07     0.0153634     0.0149462     0.0142074       1924.56
   1.31889e-06   5.43589e-05       2940.66       2571.29       3339.77        264767   3.88139e-07     0.0152376     0.0148122     0.0140557       1901.35
   1.33164e-06   5.47254e-05       2940.77       2571.35       3340.36        264964   3.80339e-07       0.01514     0.0143518     0.0137919       1857.58
   1.34437e-06    5.5092e-05       2940.79       2571.31       3340.78        265156   3.82617e-07     0.0150634     0.0146003     0.0137979       1863.14
   1.35708e-06   5.54561e-05       2940.82       2571.27       3341.21        265343   3.80044e-07     0.0149076     0.0145185     0.0136854       1841.91
   1.36977e-06   5.58153e-05       2940.96       2571.34       3341.79        265525   3.72203e-07     0.0146884      0.013963     0.0134131       1794.67
   1.38244e-06   5.61748e-05       2941.02       2571.36       3342.21        265702   3.74425e-07     0.0146159     0.0142506     0.0134132       1802.12
    1.3951e-06   5.65293e-05       2941.18       2571.43       3342.78        265875   3.66659e-07      0.014414     0.0137256     0.0131613       1755.75
   1.40773e-06   5.68842e-05       2941.26       2571.44       3343.19        266043   3.69173e-07     0.0143794     0.0140248     0.0131905        1766.9
   1.42034e-06   5.72372e-05       2941.36       2571.46       3343.62        266208   3.66469e-07       0.01427     0.0138846     0.0130771       1749.23
   1.43293e-06   5.75783e-05       2941.45       2571.46       3344.08        266367   3.65009e-07     0.0146286     0.0139283     0.0135815        1793.1
   1.44551e-06   5.79197e-05        2941.5        2571.4       3344.43        266523   3.66349e-07     0.0145118     0.0141745     0.0134975        1790.2
   1.45807e-06   5.82555e-05       2941.66       2571.43       3344.89        266673   3.58901e-07     0.0142726      0.013636     0.0131947       1739.85
   1.47061e-06   5.85922e-05       2941.73       2571.37       3345.22        266821   3.61263e-07     0.0142171     0.0139049     0.0131841       1747.38
   1.48313e-06   5.89239e-05       2941.92       2571.46        3345.7        266965   3.53803e-07     0.0139936     0.0133896      0.012901       1698.96
   1.49563e-06   5.92563e-05       2942.02       2571.42       3346.04        267106   3.56493e-07     0.0139694      0.013682      0.012897       1710.96
   1.50812e-06   5.95828e-05       2942.23        2571.5        3346.5        267242   3.49232e-07     0.0137628     0.0132405     0.0126568       1664.93
   1.52059e-06   5.99102e-05       2942.34       2571.41       3346.72        267380   3.54676e-07     0.0140494      0.013667     0.0129495       1716.43
   1.53305e-06   6.02358e-05       2942.47       2571.35       3346.96        267515   3.52424e-07     0.0139143     0.0135971     0.0128306       1696.58
   1.54549e-06   6.05593e-05       2942.62        2571.3       3347.21        267646   3.49877e-07     0.0137506     0.0133969     0.0126416       1675.71
   1.55791e-06   6.08814e-05       2942.78       2571.25       3347.48        267774   3.47672e-07     0.0136343     0.0133154     0.0125185       1658.72
   1.57032e-06   6.12015e-05       2942.95       2571.25       3347.78        267900   3.45118e-07     0.0134875     0.0131644     0.0123795       1639.74
   1.58271e-06   6.15197e-05       2943.13       2571.22       3348.07        268022   3.42804e-07     0.0133571     0.0130733     0.0122496       1622.79
   1.59509e-06    6.1836e-05        2943.3       2571.24       3348.37        268142   3.40678e-07     0.0132552     0.0129899     0.0121667       1607.72
   1.60746e-06   6.21506e-05       2943.49       2571.24       3348.68        268260    3.3814e-07     0.0131288     0.0128569     0.0120312       1591.38
    1.6198e-06    6.2463e-05       2943.68       2571.29          3349        268374   3.35915e-07     0.0130202       0.01276     0.0119277       1576.89
   1.63214e-06   6.27735e-05       2943.87        2571.3       3349.31        268487   3.33682e-07     0.0129216     0.0126838     0.0118365       1563.51
   1.64446e-06   6.30828e-05       2944.07       2571.38       3349.64        268597   3.31793e-07     0.0128629     0.0126288     0.0117892       1551.48
   1.65677e-06   6.33898e-05       2944.27       2571.45       3349.96        268705   3.29487e-07       0.01274     0.0125864     0.0116764       1542.49
   1.66906e-06   6.36953e-05       2944.47       2571.56       3350.28        268811   3.27773e-07     0.0126692     0.0125364     0.0116254       1529.73
   1.68134e-06   6.39992e-05       2944.68       2571.68       3350.62        268915   3.25489e-07     0.0125669     0.0123765     0.0115216       1515.24
   1.69361e-06   6.43009e-05       2944.89       2571.78       3350.94        269017   3.23703e-07      0.012502     0.0123366     0.0114569        1504.5
   1.70586e-06    6.4601e-05        2945.1        2571.9       3351.27        269117    3.2111e-07       0.01237     0.0121675     0.0113336       1488.77
   1.71811e-06   6.48994e-05       2945.31       2572.01        3351.6        269215   3.19298e-07     0.0123028     0.0121282     0.0112695       1477.82
   1.73034e-06   6.51963e-05       2945.53       2572.13       3351.93        269311   3.17183e-07     0.0122062     0.0119993     0.0111876       1466.39
   1.74255e-06   6.54911e-05       2945.74       2572.24       3352.26        269406   3.15192e-07     0.0121709     0.0119763     0.0111198       1457.62
   1.75476e-06   6.57842e-05       2945.93       2572.34       3352.57        269498     3.135e-07     0.0120879     0.0118875     0.0110695       1447.39
   1.76695e-06   6.60757e-05       2946.13       2572.42       3352.89        269589   3.11302e-07     0.0120032     0.0117764     0.0109539       1436.31
   1.77914e-06   6.63658e-05       2946.33       2572.56       3353.23        269679    3.0916e-07     0.0119148     0.0116766     0.0108757       1424.44
   1.79131e-06   6.66541e-05       2946.53       2572.65       3353.54        269767   3.07319e-07     0.0118296     0.0115981      0.010805       1414.28
   1.80347e-06   6.69404e-05       2946.73       2572.78       3353.86        269854   3.05396e-07     0.0117477     0.0115097     0.0107318       1403.01
   1.81561e-06    6.7225e-05       2946.92       2572.86       3354.17        269939   3.03887e-07     0.0117139     0.0114789     0.0106908       1395.81
   1.82775e-06   6.75084e-05       2947.12       2573.03        3354.5        270023   3.01525e-07     0.0115993     0.0113746     0.0106192       1382.86
   1.83988e-06   6.77897e-05       2947.32       2573.13       3354.82        270106     2.997e-07     0.0115408     0.0113099     0.0105778       1372.99
   1.85199e-06   6.80658e-05       2947.41       2573.22       3355.08        270189   3.00129e-07     0.0118499     0.0113823     0.0109722       1411.59
    1.8641e-06   6.83441e-05       2947.63       2573.34       3355.41        270269   2.96127e-07     0.0113995     0.0111339     0.0104174       1355.87
   1.87619e-06   6.86163e-05       2947.73       2573.43       3355.64        270350   2.96819e-07     0.0116548     0.0112203     0.0107693       1386.98
   1.88828e-06   6.88874e-05       2947.77       2573.51       3355.94        270428   2.89721e-07     0.0112861     0.0109957     0.0101839       1325.71
   1.90035e-06   6.91573e-05       2947.83       2573.65       3356.25        270504   2.88311e-07     0.0112204     0.0109157     0.0101286       1316.84
   1.91241e-06    6.9422e-05       2947.79        2573.7       3356.49        270582   2.88401e-07     0.0113863     0.0109588     0.0104042       1343.38
   1.92447e-06   6.96859e-05       2947.92       2573.87        3356.8        270655   2.80544e-07     0.0109415     0.0107239    0.00994409       1280.33
   1.93651e-06   6.99476e-05        2947.9       2573.92       3357.03        270730    2.8543e-07     0.0112498     0.0108564     0.0102766       1326.56
   1.94855e-06   7.02088e-05       2948.05        2574.1       3357.36        270801   2.77627e-07     0.0108383     0.0105893    0.00983012       1266.41
   1.96058e-06   7.04708e-05       2948.18       2574.22       3357.64        270872   2.79663e-07     0.0108944     0.0105654    0.00984721       1278.53
   1.97259e-06   7.07281e-05       2948.17       2574.22       3357.81        270946   2.85465e-07     0.0113132     0.0109681      0.010907       1377.41
    1.9846e-06   7.09815e-05       2948.23       2574.26       3358.01        271020   2.82051e-07     0.0110849     0.0109327       0.01081       1352.05
    1.9966e-06   7.12335e-05       2948.29        2574.3       3358.21        271092   2.80231e-07     0.0109416     0.0108028     0.0105876        1332.4
   2.00859e-06   7.14844e-05       2948.37       2574.34       3358.42        271162   2.79049e-07     0.0109231     0.0107875     0.0104375       1319.75
   2.02058e-06   7.17341e-05       2948.44       2574.39       3358.62        271232   2.77324e-07      0.010792     0.0106574     0.0102706       1304.15
   2.03255e-06   7.19824e-05       2948.53       2574.42       3358.82        271301   2.75537e-07      0.010733     0.0105938     0.0101523       1289.67
   2.04452e-06   7.22295e-05       2948.63       2574.52       3359.04        271368    2.7386e-07     0.0106183     0.0104831     0.0100004       1276.15
   2.05647e-06   7.24751e-05       2948.74       2574.57       3359.26        271434   2.72325e-07     0.0105477     0.0104157    0.00989703       1264.78
   2.06842e-06   7.27192e-05       2948.86       2574.65       3359.48        271500   2.70604e-07     0.0104726      0.010332    0.00979626       1252.91
   2.08035e-06   7.29627e-05       2948.99       2574.71        3359.7        271564   2.69303e-07     0.0104112     0.0102923    0.00971308       1244.22
   2.09228e-06   7.32042e-05       2949.12        2574.8       3359.93        271628   2.67846e-07     0.0103923     0.0102188    0.00964587       1234.52
    2.1042e-06   7.34449e-05       2949.25       2574.88       3360.14        271691   2.66143e-07     0.0102753     0.0101577    0.00954606       1224.16
   2.11611e-06   7.36844e-05       2949.39       2574.97       3360.36        271752   2.64617e-07     0.0102122     0.0100753    0.00947439       1216.16
   2.12801e-06   7.39225e-05       2949.52       2575.04       3360.58        271813   2.63452e-07     0.0101838     0.0100904    0.00945881       1209.47
    2.1399e-06   7.41588e-05       2949.65       2575.13       3360.74        271873   2.62156e-07     0.0101427     0.0100239    0.00947638       1202.79
   2.15179e-06   7.43932e-05       2949.78       2575.18       3360.93        271931   2.61478e-07     0.0101653      0.010096    0.00946462        1205.3
   2.16367e-06   7.46266e-05       2949.93       2575.21       3361.13        271989    2.5969e-07     0.0100132    0.00998334    0.00933777        1194.1
   2.17555e-06   7.48586e-05       2950.07       2575.25       3361.28        272046   2.58421e-07     0.0099842    0.00992863    0.00930232        1187.4
   2.18741e-06   7.50902e-05       2950.24       2575.31       3361.46        272104   2.59347e-07       0.01012    0.00989965    0.00951156       1198.74
   2.19927e-06   7.53178e-05       2950.39       2575.35       3361.61        272157   2.59489e-07     0.0100496    0.00986639    0.00959003       1200.07
   2.21112e-06    7.5546e-05       2950.53       2575.38       3361.81        272211   2.54746e-07    0.00984458    0.00981267    0.00919427       1168.37
   2.22297e-06   7.57733e-05       2950.67       2575.47       3361.96        272266   2.55599e-07     0.0100056    0.00977807     0.0093439        1187.1
   2.23481e-06   7.59984e-05       2950.79       2575.52       3362.18        272319   2.51813e-07    0.00972711    0.00966685    0.00901489       1161.91
   2.24664e-06   7.62238e-05       2950.94       2575.59       3362.38        272373   2.53089e-07    0.00986508    0.00967246    0.00920027       1170.45
   2.25847e-06   7.64474e-05       2951.09       2575.66       3362.53        272425   2.51575e-07    0.00978042     0.0095968    0.00906578        1156.9
   2.27029e-06   7.66674e-05        2951.2       2575.68       3362.76        272472    2.4914e-07    0.00957426    0.00951858    0.00900364       1149.03
   2.28211e-06   7.68889e-05       2951.34       2575.77       3362.92        272524   2.49953e-07     0.0096967    0.00958238    0.00906111        1146.5
   2.29392e-06   7.71098e-05       2951.49       2575.83       3363.12        272575   2.48064e-07    0.00958958    0.00950571    0.00888942       1137.66
   2.30572e-06   7.73292e-05       2951.64       2575.94       3363.31        272626   2.46616e-07    0.00949447    0.00938776    0.00880002       1124.24
   2.31752e-06   7.75471e-05       2951.77       2576.03       3363.51        272675    2.4314e-07    0.00932276    0.00931445    0.00867427       1111.63
   2.32932e-06   7.77649e-05       2951.91       2576.11       3363.69        272724   2.44824e-07    0.00943149    0.00937992    0.00875366       1117.55
    2.3411e-06   7.79797e-05       2952.05       2576.17       3363.88        272769   2.45157e-07    0.00940901    0.00933652    0.00885805       1121.61
   2.35289e-06   7.81958e-05        2952.2       2576.25       3364.08        272818   2.42943e-07     0.0093593    0.00930252    0.00867612       1106.64
   2.36466e-06   7.84106e-05       2952.35       2576.32       3364.23        272865   2.41864e-07    0.00930502    0.00925699    0.00861574       1098.55
   2.37643e-06   7.86239e-05       2952.48       2576.41       3364.47        272912   2.37873e-07     0.0091295    0.00919304    0.00847723       1087.79
    2.3882e-06    7.8837e-05       2952.64       2576.51       3364.66        272958   2.39527e-07    0.00920683    0.00917113    0.00854154       1087.89
   2.39996e-06   7.90492e-05       2952.82       2576.62       3364.84        273005    2.3743e-07    0.00907086    0.00901575    0.00840781       1069.32
   2.41172e-06   7.92574e-05       2952.98        2576.7       3365.07        273046   2.37689e-07     0.0090468    0.00900491    0.00853079       1073.88
   2.42347e-06   7.94666e-05       2953.16        2576.8       3365.24        273090   2.36035e-07     0.0090894    0.00904458    0.00846178       1064.19
   2.43522e-06    7.9675e-05       2953.33       2576.92       3365.44        273135   2.33876e-07    0.00891424    0.00888592    0.00827631        1049.9
   2.44696e-06   7.98824e-05       2953.51       2577.05       3365.63        273179    2.3294e-07    0.00889139     0.0088294    0.00824784       1044.47
   2.45869e-06   8.00887e-05       2953.68       2577.17       3365.82        273222   2.31839e-07    0.00885397    0.00884743    0.00820202       1040.46
   2.47043e-06   8.02907e-05       2953.83       2577.25       3366.05        273260   2.29882e-07    0.00877933    0.00879487    0.00843181       1046.73
   2.48215e-06   8.04949e-05       2954.02       2577.38       3366.26        273303   2.29114e-07    0.00872491    0.00865383     0.0080879       1025.82
   2.49388e-06    8.0698e-05       2954.21        2577.5       3366.46        273345   2.28227e-07    0.00870512    0.00873506    0.00808867       1023.45
   2.50559e-06   8.09002e-05       2954.37        2577.6       3366.59        273386   2.27411e-07    0.00870905    0.00866316     0.0081195       1021.55
   2.51731e-06   8.11015e-05       2954.52       2577.69       3366.76        273427   2.26173e-07    0.00865121    0.00864387    0.00802662       1014.43
   2.52902e-06   8.13015e-05       2954.69       2577.81       3366.91        273468   2.24684e-07     0.0085678    0.00850311    0.00795851       1005.08
   2.54072e-06   8.14984e-05       2954.85        2577.9       3367.11        273504   2.25173e-07    0.00854675    0.00850768     0.0080874        1013.1
   2.55242e-06   8.16962e-05       2955.01       2578.01       3367.25        273544   2.22707e-07    0.00850315    0.00844253    0.00790541       995.306
   2.56412e-06   8.18933e-05       2955.17       2578.13       3367.43        273584   2.21528e-07    0.00843718    0.00843921    0.00782931       990.353
   2.57581e-06   8.20891e-05       2955.33       2578.24       3367.59        273623   2.20765e-07    0.00841634    0.00836768    0.00778292       984.877
   2.58749e-06   8.22818e-05        2955.5       2578.38       3367.83        273658   2.21148e-07    0.00841154    0.00846575     0.0079413       994.001
   2.59918e-06   8.24755e-05       2955.67       2578.53          3368        273697   2.18455e-07    0.00830327    0.00830055    0.00769074       972.312
   2.61086e-06   8.26683e-05       2955.84       2578.68       3368.21        273735   2.17547e-07    0.00828671    0.00830149     0.0076848       970.108
   2.62253e-06     8.286e-05          2956       2578.86       3368.39        273773   2.16548e-07     0.0082217    0.00822166    0.00764907       963.358
    2.6342e-06   8.30501e-05       2956.17          2579       3368.59        273810   2.15864e-07    0.00823045    0.00823707    0.00762618       963.431
   2.64587e-06   8.32397e-05       2956.35       2579.16       3368.77        273847   2.14154e-07    0.00813961    0.00808683     0.0075519       952.231
   2.65753e-06   8.34259e-05       2956.48       2579.28       3368.96        273879   2.15365e-07    0.00825368    0.00817244    0.00792216       968.252
   2.66919e-06   8.36138e-05       2956.65       2579.44       3369.11        273915   2.12199e-07    0.00810564    0.00799562      0.007563       945.373
   2.68085e-06   8.38002e-05       2956.81       2579.59       3369.25        273950   2.11713e-07    0.00809928    0.00804488    0.00753187       943.796
    2.6925e-06   8.39862e-05       2956.95       2579.72       3369.42        273985   2.10513e-07    0.00804607    0.00797738    0.00749664       936.889
   2.70415e-06   8.41703e-05       2957.11       2579.83       3369.56        274019   2.09557e-07    0.00798743    0.00795801    0.00741098       931.573
   2.71579e-06   8.43524e-05       2957.26       2579.95       3369.75        274049   2.09544e-07     0.0079183    0.00781929    0.00749159       934.308
   2.72743e-06   8.45346e-05       2957.42       2580.08       3369.89        274082   2.07304e-07    0.00788745    0.00786357     0.0073398       921.031
   2.73907e-06   8.47169e-05       2957.57       2580.21       3370.03        274115   2.06043e-07    0.00783988    0.00776321    0.00725838       913.609
    2.7507e-06   8.48975e-05       2957.72       2580.34        3370.2        274148   2.05174e-07    0.00781288    0.00778532    0.00723188       911.162
   2.76233e-06   8.50769e-05       2957.88       2580.46       3370.35        274180   2.04263e-07    0.00778403    0.00773008    0.00724311       906.683
   2.77396e-06   8.52544e-05       2958.02       2580.56        3370.5        274208   2.04968e-07    0.00777669     0.0076782    0.00738629       914.186
   2.78559e-06   8.54322e-05       2958.18        2580.7       3370.66        274240   2.02679e-07    0.00775659    0.00765226    0.00721679       901.236
   2.79721e-06   8.56099e-05       2958.34       2580.82       3370.82        274272   2.01127e-07    0.00766162    0.00760044    0.00711722       892.405
   2.80882e-06   8.57855e-05       2958.48       2580.93       3370.96        274303   2.00337e-07    0.00763816     0.0075895    0.00709898       888.024
   2.82044e-06   8.59609e-05       2958.63       2581.04       3371.11        274334   1.99712e-07    0.00767909    0.00763123    0.00707939        886.84
   2.83205e-06   8.61326e-05       2958.76       2581.11       3371.27        274361   2.01034e-07    0.00772019    0.00779367     0.0073353       916.641
   2.84366e-06   8.63047e-05        2958.9       2581.18       3371.43        274391   1.98342e-07    0.00764342    0.00764936    0.00709535       892.324
   2.85526e-06   8.64766e-05       2959.04       2581.26       3371.58        274421   1.97516e-07    0.00756472    0.00755595    0.00701162       884.945
   2.86686e-06    8.6647e-05       2959.17       2581.33       3371.72        274451   1.96486e-07     0.0075165    0.00750119    0.00700992       877.893
   2.87846e-06   8.68171e-05       2959.31       2581.39       3371.87        274480    1.9567e-07    0.00749437    0.00747968    0.00696987       872.927
   2.89006e-06   8.69839e-05       2959.46       2581.45       3372.05        274506   1.96605e-07    0.00751352    0.00743706    0.00717234       882.765
   2.90165e-06   8.71518e-05        2959.6       2581.53       3372.21        274534   1.93753e-07    0.00745245    0.00749097    0.00694036       865.341
   2.91324e-06   8.73192e-05       2959.75       2581.63       3372.36        274563   1.92874e-07    0.00740189    0.00737442    0.00690708       858.858
   2.92483e-06   8.74857e-05       2959.91       2581.73       3372.55        274591   1.91492e-07    0.00729852    0.00724947    0.00678079       850.779
   2.93642e-06   8.76513e-05       2960.06       2581.82        3372.7        274620   1.90928e-07    0.00727407    0.00726245    0.00681283       849.171
     2.948e-06   8.78156e-05       2960.19       2581.91       3372.85        274647   1.90247e-07    0.00735084     0.0073068     0.0068047       847.579
   2.95958e-06   8.79776e-05       2960.34       2581.98       3373.02        274670   1.91098e-07    0.00725812    0.00717966     0.0069648        855.96
   2.97115e-06   8.81409e-05       2960.48       2582.08       3373.17        274697   1.88466e-07    0.00720524    0.00717889    0.00674527        838.65
   2.98273e-06   8.83031e-05       2960.62       2582.18       3373.32        274724   1.87157e-07     0.0071278    0.00708027    0.00663293       829.983
    2.9943e-06    8.8465e-05       2960.76       2582.27       3373.46        274751   1.86525e-07    0.00716386     0.0070756    0.00668571        829.64
   3.00587e-06   8.86254e-05       2960.89       2582.37        3373.6        274777   1.85818e-07     0.0071531    0.00712229    0.00667887       826.676
   3.01744e-06   8.87833e-05       2961.04       2582.46       3373.78        274799   1.86683e-07     0.0071074    0.00702714    0.00685091        836.22
     3.029e-06   8.89426e-05       2961.19       2582.56       3373.93        274825    1.8378e-07    0.00701666    0.00700928    0.00655997       817.813
   3.04056e-06   8.91006e-05       2961.31       2582.66       3374.06        274850   1.83288e-07    0.00704266    0.00699856    0.00660359       816.215
   3.05212e-06   8.92568e-05       2961.44       2582.82       3374.18        274872   1.81525e-07    0.00695452    0.00700228    0.00673583       832.321
   3.06368e-06   8.94133e-05       2961.54        2582.9        3374.3        274897   1.81489e-07    0.00696659    0.00693842    0.00655266       810.378
   3.07524e-06   8.95651e-05       2961.65       2583.02       3374.41        274914    1.8228e-07    0.00688335    0.00694272     0.0068357       833.338
   3.08679e-06   8.97183e-05       2961.78       2583.19       3374.51        274935   1.79264e-07    0.00683979    0.00688816    0.00651276       810.041
   3.09834e-06   8.98699e-05        2961.9       2583.33       3374.59        274956     1.793e-07    0.00687035    0.00694443    0.00658194       808.818
   3.10989e-06   9.00212e-05       2962.03       2583.49       3374.69        274977   1.77737e-07    0.00673559    0.00674899    0.00643088       796.017
   3.12143e-06   9.01723e-05       2962.11       2583.61       3374.79        274996   1.80175e-07    0.00700803    0.00673356    0.00646214       809.544
   3.13298e-06   9.03208e-05       2962.18       2583.71       3374.91        275012   1.81713e-07    0.00701691    0.00674199    0.00669493       820.164
   3.14452e-06   9.04693e-05       2962.27       2583.85       3375.01        275031   1.80837e-07    0.00704842    0.00689477     0.0064567         818.9
   3.15606e-06   9.06103e-05       2962.17       2584.29       3374.98        275057   2.02419e-07    0.00980123    0.00708764    0.00906684       1102.06
    3.1676e-06   9.07574e-05        2962.3       2584.39       3375.11        275076   1.79005e-07     0.0070083     0.0067852    0.00642778       810.179
   3.17913e-06   9.09031e-05       2962.42       2584.52       3375.25        275094   1.78316e-07    0.00700217    0.00674127     0.0064169       804.619
   3.19067e-06    9.1046e-05       2962.52       2584.61       3375.38        275109   1.79805e-07    0.00697899    0.00676433    0.00658227       813.978
    3.2022e-06   9.11845e-05       2962.47       2585.05        3375.4        275134   1.98789e-07    0.00954507    0.00685783     0.0087539       1067.95
   3.21373e-06   9.13279e-05       2962.61       2585.13       3375.54        275152   1.75825e-07    0.00686021    0.00666049     0.0063455       789.806
   3.22526e-06   9.14715e-05       2962.76       2585.24        3375.7        275170    1.7504e-07    0.00686577    0.00656535    0.00628939       786.308
   3.23679e-06    9.1613e-05       2962.87       2585.31       3375.82        275188   1.74174e-07    0.00678395    0.00654292    0.00626304        779.09
   3.24831e-06   9.17429e-05       2962.59       2585.69       3375.82        275215   2.15759e-07     0.0115963     0.0075522      0.010687       1323.33
   3.25983e-06   9.18841e-05       2962.75       2585.76       3375.98        275233   1.72817e-07    0.00673372     0.0065281    0.00625011       778.305
   3.27135e-06   9.20236e-05       2962.89       2585.81       3376.13        275251   1.71938e-07     0.0067111    0.00649229    0.00623678       770.257
   3.28287e-06   9.21579e-05       2962.88       2586.22       3376.16        275275   1.93515e-07    0.00921463    0.00666451    0.00843447       1028.86
   3.29439e-06   9.22949e-05       2963.03       2586.22       3376.32        275291   1.72653e-07    0.00672349    0.00653781    0.00636438       781.628
   3.30591e-06   9.24339e-05       2963.18       2586.29       3376.47        275308   1.69876e-07    0.00660882    0.00642018    0.00613567       763.118
   3.31742e-06   9.25714e-05       2963.33       2586.34       3376.62        275324   1.69217e-07    0.00660648    0.00638939     0.0061701       758.311
   3.32893e-06   9.27018e-05       2963.31       2586.72       3376.63        275347   1.91036e-07    0.00912517    0.00657861    0.00833416       1016.42
   3.34045e-06   9.28386e-05       2963.47       2586.76       3376.79        275363   1.67908e-07    0.00656622    0.00637365    0.00611394       756.824
   3.35196e-06   9.29723e-05       2963.62       2586.75       3376.95        275378   1.68571e-07    0.00652705    0.00642032    0.00616857       760.461
   3.36346e-06   9.31077e-05       2963.77        2586.8        3377.1        275393   1.66148e-07    0.00645505    0.00628869    0.00602848       742.664
   3.37497e-06   9.32355e-05       2963.75       2587.15       3377.12        275416   1.88906e-07    0.00907642    0.00659821     0.0083194       1009.42
   3.38648e-06   9.33651e-05        2963.7       2587.19       3377.25        275435   1.85835e-07    0.00925897    0.00704769    0.00855167       1079.28
   3.39798e-06   9.34977e-05       2963.88       2587.21        3377.4        275449   1.65867e-07    0.00641702     0.0062793    0.00610523       751.276
   3.40948e-06   9.36295e-05       2964.05       2587.25       3377.55        275464   1.63489e-07    0.00640263    0.00621945    0.00601439       735.927
   3.42098e-06   9.37616e-05        2964.2       2587.31       3377.69        275479   1.63158e-07     0.0063531    0.00621803    0.00594485       732.179
   3.43248e-06   9.38865e-05       2964.19       2587.67       3377.69        275500   1.85302e-07    0.00898403    0.00636662    0.00819128       997.489
   3.44398e-06   9.40169e-05       2964.36       2587.72       3377.84        275514   1.61362e-07    0.00630144     0.0060981    0.00589816       725.595
   3.45548e-06   9.41457e-05       2964.53        2587.7       3377.97        275527   1.62679e-07    0.00628681    0.00614672    0.00604112       733.225
   3.46697e-06   9.42749e-05       2964.68       2587.74       3378.11        275541   1.60041e-07    0.00624477    0.00606959    0.00585659        715.53
   3.47847e-06   9.43978e-05       2964.65       2588.06       3378.11        275561   1.83436e-07     0.0089244    0.00636106    0.00814412       986.432
   3.48996e-06    9.4526e-05       2964.82       2588.08       3378.26        275575   1.58874e-07    0.00623889    0.00607139    0.00584812       715.042
   3.50145e-06   9.46535e-05       2964.99        2588.1        3378.4        275588   1.58537e-07    0.00617688    0.00603968    0.00578916       711.559
   3.51294e-06   9.47755e-05       2964.92       2588.09        3378.5        275604   1.81242e-07    0.00908209     0.0069028    0.00846887       1061.55
   3.52443e-06   9.48958e-05       2964.92       2588.42        3378.5        275624   1.81395e-07    0.00885343    0.00631697    0.00809602       980.686
   3.53592e-06   9.50221e-05       2965.09       2588.43       3378.64        275637   1.56359e-07    0.00615702     0.0059505    0.00575532       706.813
   3.54741e-06   9.51467e-05       2965.26       2588.43       3378.76        275650   1.56279e-07     0.0061587    0.00599564    0.00578991        705.98
   3.55889e-06   9.52719e-05       2965.42       2588.47       3378.87        275662   1.55109e-07    0.00607599    0.00587432     0.0057221       696.341
   3.57038e-06   9.53897e-05       2965.38       2588.79        3378.9        275681   1.79805e-07    0.00873109     0.0061852    0.00805325       971.579
   3.58186e-06   9.55125e-05       2965.55       2588.77       3379.06        275693   1.54208e-07    0.00610391    0.00591782    0.00578673       696.523
   3.59335e-06   9.56357e-05       2965.72        2588.8       3379.23        275706   1.52999e-07    0.00599064    0.00581151    0.00566761       688.261
   3.60483e-06   9.57604e-05       2965.79        2588.8       3379.38        275722   1.54945e-07     0.0062748    0.00598018    0.00615513       751.782
   3.61631e-06   9.58813e-05       2965.95       2588.82       3379.54        275733   1.53627e-07    0.00595386    0.00572184    0.00574074       689.954
   3.62779e-06   9.59993e-05       2965.83       2589.15       3379.57        275755   1.77634e-07    0.00879268    0.00619773     0.0082072       1001.15
   3.63927e-06   9.61182e-05       2965.72       2589.13       3379.74        275774   1.75904e-07    0.00893558    0.00667105    0.00845467       1063.39
   3.65075e-06   9.62393e-05       2965.86       2589.11        3379.9        275787   1.53424e-07    0.00608653    0.00591256    0.00589704       725.593
   3.66222e-06   9.63603e-05       2966.01       2589.13       3380.09        275801   1.52632e-07    0.00602049    0.00580104    0.00584155       714.647
    3.6737e-06   9.64755e-05       2965.97       2589.46       3380.14        275821   1.75325e-07    0.00860073     0.0059682    0.00793847       968.253
   3.68518e-06   9.65947e-05        2966.1       2589.44        3380.3        275833    1.5171e-07    0.00601208    0.00583436    0.00580188       708.484
   3.69665e-06    9.6714e-05       2966.24       2589.43       3380.44        275845   1.50734e-07    0.00590918    0.00572788    0.00566594       698.123
   3.70812e-06   9.68325e-05       2966.38       2589.45        3380.6        275857   1.50032e-07    0.00586326    0.00568285    0.00560367       691.332
    3.7196e-06   9.69502e-05       2966.49       2589.45       3380.73        275868   1.49855e-07    0.00583172    0.00574078     0.0056015       686.357
   3.73107e-06   9.70628e-05       2966.45       2589.81       3380.73        275887   1.72943e-07    0.00859265    0.00598936    0.00788848       960.173
   3.74254e-06   9.71791e-05       2966.56       2589.81       3380.84        275897   1.48482e-07    0.00582716    0.00567297    0.00555624       683.585
   3.75401e-06   9.72918e-05       2966.49       2589.81       3380.96        275912   1.71114e-07    0.00875765    0.00653683    0.00817786       1029.22
   3.76548e-06   9.74073e-05       2966.62       2589.82       3381.09        275923   1.47445e-07    0.00582348    0.00570082    0.00553304       680.524
   3.77695e-06   9.75241e-05       2966.83        2589.9       3381.19        275934   1.49262e-07    0.00602977    0.00579963    0.00578359        695.46
   3.78842e-06   9.76341e-05       2966.85       2590.28       3381.19        275952   1.73216e-07    0.00860292    0.00587433    0.00792076       966.235
   3.79989e-06   9.77488e-05       2967.05        2590.3       3381.32        275962    1.4784e-07    0.00581447    0.00567952    0.00565476       678.934
   3.81136e-06   9.78643e-05       2967.25       2590.38       3381.44        275973    1.4586e-07    0.00571084    0.00558271    0.00548706       670.437
   3.82282e-06   9.79775e-05       2967.43       2590.41       3381.54        275983   1.45925e-07    0.00567334    0.00555193     0.0054779       663.079
   3.83429e-06   9.80913e-05       2967.63       2590.46       3381.67        275993   1.45346e-07    0.00562412    0.00552965    0.00539414       659.482
   3.84575e-06   9.81994e-05        2967.6       2590.85       3381.64        276010   1.71103e-07    0.00863101    0.00584391    0.00783277       957.467
   3.85722e-06    9.8312e-05       2967.78       2590.89       3381.77        276020   1.45231e-07    0.00570228    0.00552855    0.00543311       663.632
   3.86868e-06   9.84188e-05       2967.74        2590.9       3381.85        276035   1.66788e-07    0.00858805    0.00631497    0.00804767       1008.58
   3.88015e-06   9.85301e-05       2967.92       2590.94       3381.94        276048   1.44297e-07     0.0057404    0.00561182     0.0055665        666.87
   3.89161e-06   9.86396e-05       2968.11       2590.96       3382.05        276059   1.42966e-07    0.00560188    0.00548769    0.00538589       650.957
   3.90307e-06   9.87444e-05       2968.09       2591.34          3382        276077   1.69083e-07    0.00861053    0.00574563    0.00781716       949.784
   3.91454e-06   9.88538e-05        2968.3       2591.35        3382.1        276089   1.43583e-07    0.00553901    0.00554054    0.00541037       652.821
     3.926e-06    9.8962e-05       2968.47       2591.35        3382.2        276100   1.43422e-07    0.00556624    0.00556177    0.00542363       650.733
   3.93746e-06   9.90715e-05       2968.65       2591.41       3382.29        276111   1.41508e-07    0.00546182    0.00540581    0.00527324       639.627
   3.94892e-06   9.91785e-05        2968.8       2591.41       3382.35        276121   1.42506e-07    0.00549846     0.0055174    0.00532582        643.35
   3.96038e-06   9.92817e-05       2968.77        2591.8       3382.31        276138   1.67003e-07    0.00849263    0.00565222     0.0076718       935.265
   3.97184e-06    9.9388e-05       2968.93        2591.8       3382.41        276148   1.40937e-07    0.00554494    0.00539571    0.00539492       640.646
    3.9833e-06   9.94938e-05       2969.08        2591.8       3382.51        276157    1.4066e-07    0.00550474    0.00544433    0.00528528       636.893
   3.99476e-06   9.95972e-05       2968.99       2591.84       3382.55        276171   1.62174e-07    0.00849835    0.00618036    0.00794679       990.966
   4.00622e-06   9.97014e-05       2969.14       2591.87       3382.64        276179   1.38636e-07    0.00546844    0.00535887    0.00524431       628.115
   4.01768e-06   9.98014e-05       2969.09       2592.24       3382.59        276195   1.64354e-07    0.00846113    0.00550559    0.00755266       924.985
   4.02914e-06   9.99043e-05       2969.25       2592.23       3382.67        276203   1.38979e-07    0.00552802    0.00537109    0.00534929       633.275
    4.0406e-06   0.000100009        2969.4        2592.3       3382.77        276212   1.36681e-07    0.00539166    0.00526199    0.00515646       620.392
   4.05206e-06    0.00010011       2969.55       2592.31       3382.86        276218   1.37306e-07    0.00548268    0.00525584    0.00519766       621.886
   4.06351e-06   0.000100214       2969.67       2592.37       3382.94        276226   1.36188e-07    0.00546731    0.00537609    0.00514256       618.588
   4.07497e-06   0.000100309       2969.63       2592.71       3382.92        276240   1.61851e-07      0.008382    0.00540023    0.00750982       912.892
   4.08643e-06    0.00010041       2969.78       2592.72       3383.06        276247   1.35099e-07    0.00532894    0.00533388    0.00510002       616.345
   4.09789e-06    0.00010051       2969.93       2592.76       3383.18        276255   1.33923e-07    0.00528853    0.00520178    0.00503135       607.175
   4.10934e-06   0.000100607       2969.85       2592.79       3383.26        276265    1.5756e-07    0.00829477    0.00597468    0.00775003       972.427
    4.1208e-06   0.000100706       2969.97       2592.83       3383.35        276272   1.35397e-07    0.00539937    0.00549951    0.00512355       616.859
   4.13226e-06   0.000100799       2969.95       2593.18       3383.34        276285   1.62601e-07    0.00839376    0.00556908    0.00754573        917.39
   4.14371e-06   0.000100898       2970.08       2593.21       3383.42        276292   1.34297e-07    0.00535988    0.00538388    0.00506135       611.845
   4.15517e-06   0.000100995       2970.23       2593.22       3383.53        276297    1.3463e-07    0.00527242    0.00521007    0.00508472       608.292
   4.16663e-06   0.000101092       2970.36       2593.28       3383.62        276303   1.33503e-07    0.00526118    0.00517631     0.0050087       601.363
   4.17808e-06   0.000101188       2970.47       2593.27       3383.69        276308   1.34127e-07    0.00528655    0.00520453    0.00505267       603.422
   4.18954e-06   0.000101281       2970.43       2593.66       3383.66        276321   1.59507e-07     0.0083671    0.00534872    0.00737391       902.556
   4.20099e-06   0.000101375       2970.57       2593.64       3383.76        276325   1.32638e-07    0.00529473    0.00529717    0.00507213       601.826
   4.21245e-06   0.000101471        2970.7       2593.67       3383.82        276330    1.3111e-07    0.00517725    0.00505146    0.00491779       589.687
   4.22391e-06   0.000101565       2970.81       2593.67       3383.92        276335   1.31836e-07    0.00524991    0.00515625     0.0049823       593.082
   4.23536e-06   0.000101659       2970.93       2593.68          3384        276339   1.30718e-07    0.00519536    0.00500804    0.00495217       591.126
   4.24682e-06   0.000101743       2970.64       2594.02       3383.93        276353   1.78083e-07     0.0104446    0.00612806    0.00946143       1175.95
   4.25827e-06   0.000101836        2970.8       2594.03       3384.02        276357   1.30151e-07    0.00519909    0.00500789    0.00498883       593.614
   4.26973e-06   0.000101928       2970.93       2594.02       3384.09        276359   1.29419e-07    0.00512291    0.00496838    0.00494584       587.237
   4.28118e-06   0.000102019       2971.03       2593.98       3384.17        276362   1.29318e-07    0.00510524    0.00497997    0.00494314       583.003
   4.29264e-06   0.000102111       2971.16       2594.01       3384.25        276365   1.28525e-07    0.00507974    0.00498244    0.00488545       580.199
    4.3041e-06   0.000102202       2971.28          2594       3384.32        276368    1.2856e-07    0.00503863    0.00489501    0.00488729       576.056
   4.31555e-06   0.000102287       2971.22       2594.35       3384.27        276378   1.55314e-07    0.00817382    0.00511118    0.00732019       885.506
   4.32701e-06   0.000102377       2971.34       2594.31       3384.36        276380   1.28385e-07    0.00512986    0.00500338    0.00526469       590.686
   4.33846e-06   0.000102467       2971.46       2594.32       3384.44        276383   1.27277e-07    0.00506222    0.00490887     0.0051397       580.999
   4.34992e-06   0.000102556       2971.59       2594.32       3384.56        276385   1.26904e-07    0.00494497    0.00484683    0.00499921       573.989
   4.36137e-06   0.000102645        2971.7       2594.33       3384.61        276388   1.26028e-07    0.00498794    0.00486905    0.00501812       569.989
   4.37283e-06   0.000102729       2971.64       2594.66       3384.59        276397   1.53451e-07     0.0080694    0.00499419    0.00734116       877.294
   4.38429e-06   0.000102813       2971.55       2594.65       3384.64        276404   1.50107e-07     0.0081266    0.00571344    0.00770692       952.242
   4.39574e-06   0.000102901       2971.68       2594.61       3384.73        276405   1.25885e-07     0.0050184    0.00492929    0.00501887       578.546
    4.4072e-06   0.000102988       2971.81       2594.65        3384.8        276408   1.23793e-07    0.00487126    0.00471097    0.00484215       560.324
   4.41866e-06   0.000103074       2971.93       2594.63       3384.88        276410   1.24646e-07     0.0048963    0.00475779    0.00494845        563.64
   4.43011e-06   0.000103161       2972.05       2594.66       3384.94        276412   1.23482e-07     0.0048621    0.00476976    0.00483162       556.296
   4.44157e-06   0.000103243       2971.99       2594.98       3384.89        276419   1.51839e-07    0.00803719    0.00501097    0.00730363       875.035
   4.45303e-06   0.000103329       2972.12          2595       3384.97        276422   1.23093e-07     0.0049525    0.00479932    0.00486677       561.615
   4.46448e-06   0.000103414       2972.25       2594.97       3385.07        276423   1.22638e-07    0.00480432    0.00464161    0.00480454       554.789
   4.47594e-06     0.0001035       2972.37       2594.98       3385.13        276425   1.22255e-07    0.00482788    0.00468155    0.00481746        551.29
    4.4874e-06   0.000103585       2972.49       2595.01       3385.22        276426   1.21844e-07    0.00475425    0.00456065    0.00476184       546.548
   4.49886e-06   0.000103669       2972.58       2595.03       3385.26        276427   1.21477e-07     0.0048252    0.00471672    0.00478819       546.017
   4.51031e-06   0.000103749       2972.55       2595.38       3385.23        276435   1.49879e-07    0.00802538    0.00491672    0.00724031       866.417
   4.52177e-06   0.000103829       2972.44       2595.37       3385.26        276440   1.46659e-07    0.00805169    0.00568053    0.00762025       942.371
   4.53323e-06   0.000103912        2972.6       2595.38       3385.35        276441   1.21118e-07    0.00487186    0.00479606    0.00476691       557.047
   4.54469e-06   0.000103995       2972.74       2595.39       3385.39        276443   1.20066e-07    0.00478258    0.00462389    0.00473742       544.938
   4.55615e-06   0.000104078       2972.87       2595.39       3385.48        276443   1.20282e-07    0.00472655    0.00457478    0.00478123       542.562
   4.56761e-06    0.00010416          2973       2595.44       3385.52        276444   1.19485e-07    0.00476661    0.00456477    0.00469718       539.685
   4.57907e-06   0.000104238       2972.94       2595.74       3385.45        276451   1.48462e-07    0.00803557    0.00502909    0.00724818       864.197
   4.59053e-06    0.00010432       2973.11       2595.78       3385.49        276453   1.20808e-07    0.00495699    0.00469314     0.0048905       569.273
   4.60199e-06   0.000104401       2973.24       2595.76       3385.55        276452   1.18544e-07     0.0046723    0.00448843    0.00466394       535.322
   4.61345e-06   0.000104483       2973.38       2595.81       3385.58        276454    1.2064e-07    0.00499515    0.00486101     0.0048802       566.194
   4.62491e-06   0.000104564       2973.49       2595.78       3385.66        276454   1.17296e-07     0.0045919    0.00452473    0.00461692       529.104
   4.63637e-06   0.000104645       2973.61       2595.81       3385.66        276455   1.20593e-07    0.00495871    0.00486202    0.00495769       562.218
   4.64783e-06    0.00010472       2973.54       2596.15       3385.64        276461   1.45721e-07    0.00786955    0.00469507    0.00711159       849.474
   4.65929e-06   0.000104801       2973.68       2596.15       3385.66        276463   1.19132e-07    0.00486636    0.00472733    0.00485225       558.962
   4.67076e-06   0.000104877       2973.56       2596.13       3385.72        276466   1.42371e-07    0.00789513    0.00539419    0.00748717       926.507
   4.68222e-06   0.000104956        2973.7       2596.17       3385.75        276467    1.1901e-07    0.00495606    0.00465978    0.00494639       560.367
   4.69368e-06   0.000105035       2973.82       2596.16       3385.83        276467   1.15578e-07    0.00468134     0.0046258    0.00464379       526.062
   4.70515e-06   0.000105114       2973.95        2596.2       3385.85        276467   1.17004e-07     0.0046982    0.00450883    0.00471973       541.339
   4.71661e-06   0.000105188        2973.9       2596.55       3385.78        276474   1.46321e-07    0.00792942    0.00474789    0.00722385        857.72
   4.72808e-06   0.000105266       2974.03       2596.53       3385.87        276474   1.14823e-07    0.00468954    0.00460855    0.00464134       529.635
   4.73954e-06   0.000105343       2974.15       2596.51        3385.9        276473   1.17068e-07     0.0046698    0.00446417    0.00474671        542.82
   4.75101e-06   0.000105421       2974.26       2596.52       3385.93        276474   1.16158e-07    0.00465401    0.00445346    0.00471295        534.83
   4.76247e-06   0.000105497       2974.37       2596.48       3386.05        276472   1.14647e-07     0.0046006    0.00445138    0.00463498       521.671
   4.77394e-06   0.000105574       2974.47       2596.51       3386.07        276472   1.14893e-07     0.0046601    0.00449301    0.00467316       527.392
   4.78541e-06   0.000105646       2974.42       2596.83       3385.98        276478   1.44998e-07    0.00787969    0.00476524    0.00723389       852.565
   4.79687e-06   0.000105723       2974.54       2596.86       3386.01        276478   1.14104e-07    0.00458669    0.00440742    0.00466451       526.217
   4.80834e-06   0.000105797       2974.61       2596.81       3386.05        276476    1.1558e-07    0.00462824    0.00441198    0.00470243        532.39
   4.81981e-06   0.000105873       2974.68        2596.8       3386.13        276475   1.12401e-07     0.0046072    0.00449168     0.0045601       515.149
   4.83128e-06   0.000105944       2974.54       2596.77       3386.14        276478   1.40807e-07    0.00788852    0.00537814    0.00754382       926.998
   4.84275e-06    0.00010602       2974.66       2596.82       3386.15        276478    1.1336e-07    0.00456499    0.00439582    0.00465282       524.091
   4.85422e-06    0.00010609       2974.59       2597.14       3386.08        276483   1.42531e-07    0.00774728    0.00453126     0.0070657       839.103
   4.86569e-06   0.000106164        2974.7       2597.12       3386.15        276483   1.13723e-07    0.00462814    0.00445763    0.00461002       526.399
   4.87716e-06   0.000106238       2974.81       2597.12        3386.2        276481   1.13115e-07    0.00452514    0.00431827    0.00453341       517.638
   4.88864e-06   0.000106312       2974.91       2597.12       3386.25        276482   1.12795e-07    0.00450689    0.00429205    0.00450568       528.129
   4.90011e-06   0.000106385       2975.03       2597.12       3386.31        276481   1.12609e-07    0.00454454    0.00448209    0.00452234       517.387
   4.91158e-06   0.000106458       2975.09       2597.11        3386.4        276479   1.09748e-07    0.00440296     0.0043362    0.00435946       500.495
   4.92306e-06   0.000106531        2975.2       2597.13       3386.46        276477   1.10934e-07    0.00430446    0.00414617    0.00434548       498.527
   4.93453e-06   0.000106598       2975.08       2597.48       3386.39        276483   1.40244e-07    0.00774396    0.00443869    0.00698931       829.421
   4.94601e-06   0.000106671       2975.18       2597.47        3386.4        276481   1.10759e-07    0.00444908    0.00427917    0.00446982       505.455
   4.95748e-06   0.000106743       2975.29       2597.45       3386.44        276479   1.11323e-07    0.00444281    0.00426383    0.00447034       510.333
   4.96896e-06   0.000106814       2975.38       2597.45       3386.47        276478   1.10627e-07    0.00446086    0.00435527    0.00450255       519.231
   4.98044e-06   0.000106884       2975.47       2597.44       3386.51        276476   1.10426e-07    0.00434549    0.00422714    0.00441405        499.49
   4.99192e-06   0.000106952       2975.32       2597.44        3386.5        276478   1.37828e-07    0.00786176       0.00535    0.00741746       916.331
         5e-06   0.000107001       2975.12       2597.47       3386.34        276482   9.86926e-08    0.00572242    0.00329719    0.00523157       613.205
