          time          mass          xmom          ymom          zmom     ang_mom_x     ang_mom_y     ang_mom_z         rho_K         rho_e         rho_E         enstr   rho_mms_err     u_mms_err     v_mms_err     w_mms_err     p_mms_err
             0    0.00941223       32.6783       16.3392       6.53567  -4.44089e-16  -4.44089e-15             0       73316.7     2.026e+07   2.03333e+07         13804             0   2.73813e-13   1.36306e-13    4.9003e-14   1.22292e-10
         1e-08    0.00941223       32.6783       16.3392       6.53567   5.82982e-09  -5.73807e-09  -6.77661e-10       73316.7     2.026e+07   2.03333e+07       13803.9   7.76328e-09      0.246481     0.0455205      0.411522       9.69049
         2e-08    0.00941223       32.6783       16.3392       6.53567   1.16022e-08   -1.1362e-08  -1.43617e-09       73316.7     2.026e+07   2.03333e+07       13803.9   1.53781e-08      0.491808     0.0905149      0.820265        19.199
         3e-08    0.00941223       32.6783       16.3392       6.53567   1.73688e-08  -1.69464e-08   -2.2412e-09       73316.7     2.026e+07   2.03333e+07       13804.1   2.28854e-08      0.736252      0.135006       1.22629       28.5751
         4e-08    0.00941223       32.6783       16.3392       6.53567   2.31114e-08  -2.24983e-08  -3.00022e-09       73316.7     2.026e+07   2.03333e+07       13804.3    3.0306e-08      0.979667      0.179031       1.62954       37.8432
         5e-08    0.00941223       32.6783       16.3392       6.53567   2.87834e-08  -2.78159e-08  -3.77635e-09       73316.7     2.026e+07   2.03333e+07       13804.7   3.76432e-08       1.22182      0.222608       2.02983       47.0076
         6e-08    0.00941223       32.6783       16.3392       6.53567   3.44386e-08  -3.32629e-08  -4.44192e-09       73316.7     2.026e+07   2.03333e+07       13805.2   4.48961e-08       1.46238      0.265758       2.42701       56.0666
         7e-08    0.00941223       32.6783       16.3392       6.53567   4.02725e-08  -3.90037e-08  -4.94728e-09       73316.7     2.026e+07   2.03333e+07       13805.9   5.20671e-08       1.70123      0.308514       2.82092       65.0232
         8e-08    0.00941223       32.6783       16.3392       6.53567   4.59387e-08  -4.44748e-08  -5.30459e-09       73316.7     2.026e+07   2.03333e+07       13806.6   5.91632e-08       1.93832      0.350893       3.21142        73.886
         9e-08    0.00941223       32.6783       16.3392       6.53567   5.15122e-08  -4.99348e-08  -5.41471e-09       73316.7     2.026e+07   2.03333e+07       13807.4   6.61874e-08       2.17359      0.392918       3.59849       82.6586
         1e-07    0.00941223       32.6783       16.3392       6.53567   5.70836e-08   -5.5651e-08  -5.24466e-09       73316.8     2.026e+07   2.03333e+07       13808.3    7.3142e-08       2.40704      0.434597       3.98212       91.3435
       1.1e-07    0.00941223       32.6783       16.3392       6.53567   6.25025e-08   -6.1363e-08  -4.60141e-09       73316.8     2.026e+07   2.03333e+07       13809.3   8.00315e-08       2.63865      0.475934       4.36229       99.9461
       1.2e-07    0.00941223       32.6783       16.3392       6.53567   6.78137e-08  -6.71088e-08  -3.69837e-09       73316.8     2.026e+07   2.03333e+07       13810.4     8.686e-08       2.86832      0.516943       4.73896       108.472
       1.3e-07    0.00941223       32.6783       16.3392       6.53567   7.28095e-08  -7.22717e-08  -2.64418e-09       73316.8     2.026e+07   2.03333e+07       13811.6   9.36295e-08       3.09603      0.557636       5.11215       116.922
       1.4e-07    0.00941223       32.6783       16.3392       6.53567   7.76563e-08  -7.74845e-08  -1.36738e-09       73316.8     2.026e+07   2.03333e+07       13812.8    1.0034e-07        3.3217      0.598015       5.48184       125.298
       1.5e-07    0.00941223       32.6783       16.3392       6.53567   8.21999e-08  -8.21971e-08   1.25292e-10       73316.9     2.026e+07   2.03333e+07       13814.2   1.06994e-07       3.54517      0.638091       5.84808       133.601
       1.6e-07    0.00941223       32.6783       16.3392       6.53567   8.67629e-08  -8.70796e-08   1.79033e-09       73316.9     2.026e+07   2.03333e+07       13815.6   1.13593e-07       3.76632      0.677871       6.21085       141.834
       1.7e-07    0.00941223       32.6783       16.3392       6.53567   9.11591e-08  -9.17527e-08   3.70607e-09       73316.9     2.026e+07   2.03333e+07         13817    1.2014e-07       3.98508      0.717366       6.57019           150
       1.8e-07    0.00941223       32.6783       16.3392       6.53567   9.54835e-08  -9.63539e-08   5.75836e-09         73317     2.026e+07   2.03333e+07       13818.6   1.26635e-07       4.20137      0.756581       6.92608       158.099
       1.9e-07    0.00941223       32.6783       16.3392       6.53567   9.98252e-08  -1.01001e-07   8.03938e-09         73317     2.026e+07   2.03333e+07       13820.2    1.3308e-07        4.4152      0.795522       7.27853       166.133
         2e-07    0.00941223       32.6783       16.3392       6.53567   1.04031e-07  -1.05327e-07   1.03172e-08         73317     2.026e+07   2.03333e+07       13821.8   1.39476e-07       4.62658      0.834185       7.62756       174.104
       2.1e-07    0.00941223       32.6783       16.3392       6.53567    1.0809e-07  -1.09357e-07   1.28368e-08         73317     2.026e+07   2.03333e+07       13823.6   1.45825e-07       4.83553      0.872573       7.97318       182.013
       2.2e-07    0.00941223       32.6783       16.3392       6.53567   1.12209e-07  -1.13539e-07   1.56305e-08       73317.1     2.026e+07   2.03333e+07       13825.3   1.52129e-07       5.04206      0.910685       8.31543       189.864
       2.3e-07    0.00941223       32.6783       16.3392       6.53567   1.16169e-07   -1.1744e-07   1.86639e-08       73317.1     2.026e+07   2.03333e+07       13827.1   1.58389e-07       5.24617      0.948523       8.65433       197.658
       2.4e-07    0.00941223       32.6783       16.3392       6.53567   1.20141e-07  -1.21379e-07   2.19149e-08       73317.1     2.026e+07   2.03333e+07         13829   1.64608e-07       5.44785      0.986092       8.98989       205.399
       2.5e-07    0.00941223       32.6783       16.3392       6.53567   1.24046e-07    -1.251e-07   2.53886e-08       73317.2     2.026e+07   2.03333e+07       13830.9   1.70788e-07       5.64711       1.02339       9.32214       213.088
       2.6e-07    0.00941223       32.6783       16.3392       6.53567   1.27892e-07  -1.28736e-07   2.90863e-08       73317.2     2.026e+07   2.03333e+07       13832.8    1.7693e-07       5.84397       1.06043       9.65109       220.727
       2.7e-07    0.00941223       32.6783       16.3392       6.53567   1.31667e-07  -1.32274e-07   3.30489e-08       73317.3     2.026e+07   2.03333e+07       13834.8   1.83035e-07       6.03845        1.0972       9.97677       228.317
       2.8e-07    0.00941223       32.6783       16.3392       6.53567   1.35399e-07  -1.35709e-07   3.73192e-08       73317.3     2.026e+07   2.03333e+07       13836.7   1.89103e-07       6.23057        1.1337       10.2992       235.859
       2.9e-07    0.00941223       32.6783       16.3392       6.53567   1.39138e-07  -1.39154e-07   4.19808e-08       73317.3     2.026e+07   2.03333e+07       13838.8   1.95136e-07       6.42037       1.16994       10.6184       243.354
         3e-07    0.00941223       32.6783       16.3392       6.53567   1.42906e-07  -1.42491e-07   4.68044e-08       73317.4     2.026e+07   2.03333e+07       13840.8   2.01133e-07       6.60787       1.20591       10.9345       250.803
       3.1e-07    0.00941223       32.6783       16.3392       6.53567   1.46629e-07  -1.45657e-07   5.19216e-08       73317.4     2.026e+07   2.03333e+07       13842.9   2.07097e-07       6.79311       1.24163       11.2474       258.206
       3.2e-07    0.00941223       32.6783       16.3392       6.53567   1.50315e-07  -1.48695e-07   5.72838e-08       73317.4     2.026e+07   2.03333e+07         13845   2.13027e-07       6.97614       1.27709       11.5572       265.564
       3.3e-07    0.00941223       32.6783       16.3392       6.53567   1.53978e-07   -1.5167e-07   6.30057e-08       73317.5     2.026e+07   2.03333e+07       13847.1   2.18924e-07       7.15698       1.31229       11.8639       272.879
       3.4e-07    0.00941223       32.6783       16.3392       6.53567   1.57609e-07  -1.54571e-07   6.90449e-08       73317.5     2.026e+07   2.03333e+07       13849.3   2.24788e-07       7.33571       1.34724       12.1676       280.151
       3.5e-07    0.00941223       32.6783       16.3392       6.53567    1.6123e-07  -1.57456e-07   7.54363e-08       73317.6     2.026e+07   2.03333e+07       13851.5   2.30621e-07       7.51235       1.38193       12.4682        287.38
       3.6e-07    0.00941223       32.6783       16.3392       6.53567   1.64822e-07  -1.60287e-07   8.21174e-08       73317.6     2.026e+07   2.03333e+07       13853.7   2.36423e-07       7.68694       1.41638       12.7659       294.569
       3.7e-07    0.00941223       32.6783       16.3392       6.53567   1.68396e-07   -1.6305e-07   8.91299e-08       73317.7     2.026e+07   2.03333e+07       13855.9   2.42194e-07       7.85952       1.45057       13.0606       301.715
       3.8e-07    0.00941223       32.6783       16.3392       6.53567   1.71949e-07  -1.65692e-07   9.64997e-08       73317.7     2.026e+07   2.03333e+07       13858.1   2.47934e-07       8.03013       1.48452       13.3524       308.821
       3.9e-07    0.00941223       32.6783       16.3392       6.53567   1.75439e-07  -1.68165e-07   1.04175e-07       73317.7     2.026e+07   2.03333e+07       13860.3   2.53643e-07       8.19879       1.51822       13.6413       315.887
         4e-07    0.00941223       32.6783       16.3392       6.53567   1.78909e-07  -1.70569e-07   1.12187e-07       73317.8     2.026e+07   2.03333e+07       13862.6   2.59323e-07       8.36553       1.55168       13.9274       322.913
       4.1e-07    0.00941223       32.6783       16.3392       6.53567   1.82387e-07   -1.7303e-07   1.20536e-07       73317.8     2.026e+07   2.03333e+07       13864.8   2.64973e-07       8.53039       1.58491       14.2106       329.899
       4.2e-07    0.00941223       32.6783       16.3392       6.53567   1.85845e-07   -1.7546e-07   1.29153e-07       73317.9     2.026e+07   2.03333e+07       13867.1   2.70594e-07       8.69339       1.61789        14.491       336.847
       4.3e-07    0.00941223       32.6783       16.3392       6.53567   1.89219e-07  -1.77809e-07   1.38222e-07       73317.9     2.026e+07   2.03333e+07       13869.4   2.76186e-07       8.85454       1.65063       14.7686       343.755
       4.4e-07    0.00941223       32.6783       16.3392       6.53567   1.92528e-07  -1.80099e-07    1.4764e-07         73318     2.026e+07   2.03333e+07       13871.7   2.81748e-07       9.01387       1.68314       15.0435       350.626
       4.5e-07    0.00941223       32.6783       16.3392       6.53567   1.95825e-07  -1.82379e-07    1.5732e-07         73318     2.026e+07   2.03333e+07         13874   2.87283e-07        9.1714       1.71542       15.3157       357.458
       4.6e-07    0.00941223       32.6783       16.3392       6.53567   1.99063e-07  -1.84642e-07    1.6739e-07       73318.1     2.026e+07   2.03333e+07       13876.3   2.92789e-07       9.32716       1.74746       15.5852       364.253
       4.7e-07    0.00941223       32.6783       16.3392       6.53567   2.02221e-07  -1.86754e-07   1.77697e-07       73318.1     2.026e+07   2.03333e+07       13878.6   2.98267e-07       9.48118       1.77927       15.8521       371.011
       4.8e-07    0.00941223       32.6783       16.3392       6.53567   2.05356e-07  -1.88801e-07   1.88167e-07       73318.2     2.026e+07   2.03333e+07       13880.9   3.03718e-07       9.63347       1.81086       16.1164       377.733
       4.9e-07    0.00941223       32.6783       16.3392       6.53567   2.08468e-07  -1.90754e-07   1.98874e-07       73318.2     2.026e+07   2.03333e+07       13883.2   3.09141e-07       9.78408       1.84221       16.3781       384.418
         5e-07    0.00941223       32.6783       16.3392       6.53567   2.11575e-07  -1.92658e-07    2.0981e-07       73318.3     2.026e+07   2.03333e+07       13885.5   3.14537e-07       9.93301       1.87335       16.6372       391.067
       5.1e-07    0.00941223       32.6783       16.3392       6.53567   2.14664e-07  -1.94528e-07   2.21012e-07       73318.3     2.026e+07   2.03333e+07       13887.8   3.19906e-07       10.0803       1.90426       16.8939       397.679
       5.2e-07    0.00941223       32.6783       16.3392       6.53567   2.17715e-07   -1.9631e-07   2.32422e-07       73318.4     2.026e+07   2.03333e+07       13890.1   3.25247e-07        10.226       1.93496       17.1481       404.255
       5.3e-07    0.00941223       32.6783       16.3392       6.53567   2.20719e-07  -1.97978e-07   2.44104e-07       73318.4     2.026e+07   2.03333e+07       13892.4   3.30561e-07         10.37       1.96545       17.3998       410.794
       5.4e-07    0.00941223       32.6783       16.3392       6.53567   2.23725e-07  -1.99605e-07   2.55969e-07       73318.4     2.026e+07   2.03333e+07       13894.8   3.35847e-07       10.5125       1.99572       17.6491       417.297
       5.5e-07    0.00941223       32.6783       16.3392       6.53567   2.26721e-07  -2.01216e-07   2.68185e-07       73318.5     2.026e+07   2.03333e+07       13897.1   3.41106e-07       10.6534       2.02579       17.8961       423.764
       5.6e-07    0.00941223       32.6783       16.3392       6.53567   2.29644e-07  -2.02625e-07   2.80603e-07       73318.5     2.026e+07   2.03333e+07       13899.4   3.46338e-07       10.7928       2.05566       18.1406       430.195
       5.7e-07    0.00941223       32.6783       16.3392       6.53567   2.32537e-07  -2.03888e-07   2.93117e-07       73318.6     2.026e+07   2.03333e+07       13901.7   3.51542e-07       10.9307       2.08532       18.3829        436.59
       5.8e-07    0.00941223       32.6783       16.3392       6.53567   2.35423e-07  -2.05056e-07   3.05768e-07       73318.6     2.026e+07   2.03333e+07       13903.9   3.56719e-07       11.0671       2.11478       18.6228       442.949
       5.9e-07    0.00941223       32.6783       16.3392       6.53567   2.38319e-07  -2.06188e-07   3.18607e-07       73318.7     2.026e+07   2.03333e+07       13906.2   3.61869e-07        11.202       2.14405       18.8605       449.272
         6e-07    0.00941223       32.6783       16.3392       6.53567   2.41232e-07  -2.07331e-07    3.3168e-07       73318.7     2.026e+07   2.03333e+07       13908.5   3.66991e-07       11.3355       2.17313       19.0959       455.559
       6.1e-07    0.00941223       32.6783       16.3392       6.53567   2.44216e-07  -2.08602e-07   3.44914e-07       73318.8     2.026e+07   2.03333e+07       13910.8   3.72086e-07       11.4675       2.20201       19.3291       461.809
       6.2e-07    0.00941223       32.6783       16.3392       6.53567   2.47314e-07   -2.1014e-07   3.58287e-07       73318.8     2.026e+07   2.03333e+07         13913   3.77154e-07       11.5982       2.23071       19.5601       468.024
       6.3e-07    0.00941223       32.6783       16.3392       6.53567   2.50421e-07  -2.11719e-07   3.71895e-07       73318.9     2.026e+07   2.03333e+07       13915.3   3.82194e-07       11.7274       2.25923        19.789       474.203
       6.4e-07    0.00941223       32.6783       16.3392       6.53567   2.53485e-07  -2.13273e-07   3.85708e-07       73318.9     2.026e+07   2.03333e+07       13917.5   3.87207e-07       11.8553       2.28756       20.0157       480.345
       6.5e-07    0.00941223       32.6783       16.3392       6.53567   2.56486e-07  -2.14732e-07   3.99682e-07         73319     2.026e+07   2.03333e+07       13919.8   3.92193e-07       11.9819       2.31572       20.2404       486.452
       6.6e-07    0.00941223       32.6783       16.3392       6.53567    2.5946e-07  -2.16148e-07   4.13854e-07         73319     2.026e+07   2.03333e+07         13922   3.97151e-07       12.1071        2.3437        20.463       492.523
       6.7e-07    0.00941223       32.6783       16.3392       6.53567   2.62476e-07  -2.17599e-07    4.2819e-07       73319.1     2.026e+07   2.03333e+07       13924.2   4.02082e-07        12.231       2.37151       20.6835       498.558
       6.8e-07    0.00941223       32.6783       16.3392       6.53567   2.65552e-07  -2.19165e-07   4.42726e-07       73319.1     2.026e+07   2.03333e+07       13926.4   4.06985e-07       12.3536       2.39915       20.9021       504.556
       6.9e-07    0.00941223       32.6783       16.3392       6.53567   2.68703e-07  -2.20918e-07   4.57506e-07       73319.2     2.026e+07   2.03333e+07       13928.6    4.1186e-07       12.4749       2.42663       21.1187       510.517
         7e-07    0.00941223       32.6783       16.3392       6.53567   2.71937e-07  -2.22883e-07   4.72491e-07       73319.2     2.026e+07   2.03333e+07       13930.7   4.16707e-07        12.595       2.45395       21.3334       516.442
       7.1e-07    0.00941223       32.6783       16.3392       6.53567    2.7522e-07   -2.2499e-07   4.87621e-07       73319.3     2.026e+07   2.03333e+07       13932.9   4.21525e-07       12.7138        2.4811       21.5462       522.329
       7.2e-07    0.00941223       32.6783       16.3392       6.53567   2.78555e-07  -2.27144e-07   5.02822e-07       73319.3     2.026e+07   2.03333e+07         13935   4.26315e-07       12.8314       2.50809       21.7571       528.178
       7.3e-07    0.00941223       32.6783       16.3392       6.53567   2.81876e-07  -2.29226e-07   5.18092e-07       73319.4     2.026e+07   2.03333e+07       13937.2   4.31075e-07       12.9478       2.53494       21.9662        533.99
       7.4e-07    0.00941223       32.6783       16.3392       6.53567   2.85164e-07  -2.31192e-07   5.33498e-07       73319.4     2.026e+07   2.03333e+07       13939.3   4.35806e-07        13.063       2.56162       22.1735       539.763
       7.5e-07    0.00941223       32.6783       16.3392       6.53567   2.88363e-07  -2.32999e-07   5.49129e-07       73319.5     2.026e+07   2.03333e+07       13941.4   4.40508e-07        13.177       2.58816       22.3791       545.497
       7.6e-07    0.00941223       32.6783       16.3392       6.53567    2.9144e-07  -2.34577e-07   5.64927e-07       73319.5     2.026e+07   2.03333e+07       13943.4    4.4518e-07       13.2899       2.61456       22.5829       551.193
       7.7e-07    0.00941223       32.6783       16.3392       6.53567   2.94416e-07  -2.35962e-07   5.80769e-07       73319.6     2.026e+07   2.03333e+07       13945.5   4.49821e-07       13.4016       2.64081        22.785       556.849
       7.8e-07    0.00941223       32.6783       16.3392       6.53567   2.97281e-07  -2.37128e-07   5.96635e-07       73319.6     2.026e+07   2.03333e+07       13947.6   4.54431e-07       13.5122       2.66692       22.9854       562.464
       7.9e-07    0.00941223       32.6783       16.3392       6.53567   3.00003e-07  -2.38007e-07   6.12499e-07       73319.7     2.026e+07   2.03333e+07       13949.6    4.5901e-07       13.6217       2.69289       23.1842        568.04
         8e-07    0.00941223       32.6783       16.3392       6.53567   3.02561e-07  -2.38558e-07    6.2841e-07       73319.7     2.026e+07   2.03333e+07       13951.6   4.63558e-07       13.7301       2.71873       23.3813       573.576
       8.1e-07    0.00941223       32.6783       16.3392       6.53567   3.04905e-07  -2.38661e-07   6.44368e-07       73319.8     2.026e+07   2.03333e+07       13953.6   4.68075e-07       13.8374       2.74444       23.5769        579.07
       8.2e-07    0.00941223       32.6783       16.3392       6.53567   3.07019e-07  -2.38287e-07   6.60364e-07       73319.8     2.026e+07   2.03333e+07       13955.6    4.7256e-07       13.9437       2.77003       23.7709       584.525
       8.3e-07    0.00941223       32.6783       16.3392       6.53567    3.0892e-07  -2.37464e-07   6.76378e-07       73319.9     2.026e+07   2.03333e+07       13957.6   4.77014e-07       14.0489       2.79549       23.9633       589.938
       8.4e-07    0.00941223       32.6783       16.3392       6.53567   3.10667e-07    -2.363e-07   6.92414e-07       73319.9     2.026e+07   2.03333e+07       13959.5   4.81436e-07        14.153       2.82083       24.1542       595.311
       8.5e-07    0.00941223       32.6783       16.3392       6.53567   3.12354e-07   -2.3498e-07   7.08398e-07         73320     2.026e+07   2.03333e+07       13961.4   4.85826e-07       14.2562       2.84605       24.3436       600.642
       8.6e-07    0.00941223       32.6783       16.3392       6.53567   3.14043e-07  -2.33648e-07    7.2431e-07         73320     2.026e+07   2.03333e+07       13963.4   4.90184e-07       14.3583       2.87116       24.5315       605.933
       8.7e-07    0.00941223       32.6783       16.3392       6.53567   3.15711e-07  -2.32233e-07    7.4017e-07       73320.1     2.026e+07   2.03333e+07       13965.3    4.9451e-07       14.4594       2.89617        24.718       611.182
       8.8e-07    0.00941223       32.6783       16.3392       6.53567   3.17348e-07  -2.30702e-07   7.55988e-07       73320.1     2.026e+07   2.03333e+07       13967.1   4.98804e-07       14.5596       2.92106        24.903       616.389
       8.9e-07    0.00941223       32.6783       16.3392       6.53567   3.18968e-07  -2.29132e-07    7.7176e-07       73320.1     2.026e+07   2.03333e+07         13969   5.03065e-07       14.6587       2.94586       25.0866       621.555
         9e-07    0.00941223       32.6783       16.3392       6.53567   3.20575e-07  -2.27605e-07   7.87534e-07       73320.2     2.026e+07   2.03333e+07       13970.8   5.07294e-07        14.757       2.97055       25.2688       626.679
       9.1e-07    0.00941223       32.6783       16.3392       6.53567   3.22175e-07  -2.26181e-07    8.0334e-07       73320.2     2.026e+07   2.03333e+07       13972.6    5.1149e-07       14.8542       2.99515       25.4496       631.762
       9.2e-07    0.00941223       32.6783       16.3392       6.53567   3.23768e-07  -2.24901e-07   8.19203e-07       73320.3     2.026e+07   2.03333e+07       13974.4   5.15654e-07       14.9506       3.01966       25.6291       636.803
       9.3e-07    0.00941223       32.6783       16.3392       6.53567   3.25364e-07  -2.23782e-07   8.35172e-07       73320.3     2.026e+07   2.03333e+07       13976.2   5.19786e-07        15.046       3.04407       25.8072       641.803
       9.4e-07    0.00941223       32.6783       16.3392       6.53567   3.26937e-07  -2.22742e-07   8.51269e-07       73320.4     2.026e+07   2.03333e+07         13978   5.23885e-07       15.1406        3.0684        25.984       646.761
       9.5e-07    0.00941223       32.6783       16.3392       6.53567    3.2845e-07  -2.21711e-07   8.67491e-07       73320.4     2.026e+07   2.03333e+07       13979.7   5.27952e-07       15.2342       3.09265       26.1595       651.678
       9.6e-07    0.00941223       32.6783       16.3392       6.53567   3.29907e-07    -2.207e-07   8.83815e-07       73320.5     2.026e+07   2.03333e+07       13981.4   5.31987e-07        15.327       3.11681       26.3337       656.553
       9.7e-07    0.00941223       32.6783       16.3392       6.53567   3.31337e-07  -2.19746e-07   9.00213e-07       73320.5     2.026e+07   2.03333e+07       13983.1   5.35989e-07       15.4189       3.14089       26.5066       661.387
       9.8e-07    0.00941223       32.6783       16.3392       6.53567   3.32759e-07  -2.18846e-07   9.16658e-07       73320.6     2.026e+07   2.03333e+07       13984.8   5.39959e-07       15.5099        3.1649       26.6783        666.18
       9.9e-07    0.00941223       32.6783       16.3392       6.53567   3.34165e-07   -2.1793e-07    9.3316e-07       73320.6     2.026e+07   2.03333e+07       13986.5   5.43897e-07       15.6001       3.18884       26.8488       670.932
         1e-06    0.00941223       32.6783       16.3392       6.53567   3.35528e-07  -2.16924e-07   9.49722e-07       73320.7     2.026e+07   2.03333e+07       13988.1   5.47803e-07       15.6895        3.2127        27.018       675.643
