          time   rho_mms_err     u_mms_err     v_mms_err     w_mms_err     p_mms_err  rho_residual rhou_residual rhov_residual rhow_residual rhoE_residual
   8.75278e-09   3.09324e-07        24.558             0             0       3712.99   3.09324e-07     0.0416877             0             0       9135.88
   1.83808e-08   6.44977e-07       50.0625             0             0       7598.63   3.35666e-07     0.0434722             0             0       9561.06
   2.89717e-08     1.009e-06       76.4744             0             0       11644.7   3.64064e-07     0.0451951             0             0       9957.64
   4.06217e-08    1.4036e-06       103.758             0             0       15834.7   3.94704e-07     0.0468542             0             0       10315.7
   5.34366e-08   1.83118e-06       131.882             0             0       20147.8   4.27763e-07     0.0484481             0             0       10624.8
    6.7533e-08   2.29429e-06       160.829             0             0       24558.1   4.63434e-07     0.0499838             0             0         10874
   8.30391e-08   2.79571e-06       190.595             0             0         29035   5.01937e-07     0.0514765             0             0       11052.4
   1.00096e-07   3.33845e-06       221.197             0             0       33543.4   5.43512e-07     0.0529479             0             0       11149.5
   1.18858e-07   3.92575e-06       252.674             0             0       38043.6   5.88411e-07     0.0544256             0             0       11156.1
   1.39497e-07   4.56108e-06       285.088             0             0       42492.6     6.369e-07     0.0559412             0             0       11064.8
   1.62199e-07   5.25244e-06       318.547             0             0       46844.2   6.93174e-07     0.0577531             0             0       10866.4
   1.87172e-07   6.00648e-06       353.158             0             0       51051.3    7.5604e-07     0.0597921             0             0       10562.2
   2.14642e-07   6.82914e-06       389.014             0             0         55067   8.24885e-07     0.0620093             0             0       10157.4
   2.43728e-07   7.69482e-06       424.862             0             0       58717.7   8.67953e-07     0.0621772             0             0       9329.69
   2.72804e-07   8.55494e-06       458.776             0             0       61843.2   8.62507e-07     0.0590805             0             0       8101.29
   3.01869e-07   9.40842e-06       490.885             0             0       64525.2   8.56593e-07     0.0562365             0             0       7084.28
   3.30924e-07    1.0256e-05       521.379             0             0       66829.1   8.51498e-07     0.0538304             0             0       6229.23
   3.59968e-07   1.10983e-05       550.406             0             0       68810.6   8.46932e-07     0.0517672             0             0       5514.23
   3.89002e-07   1.19357e-05       578.082             0             0       70517.3   8.42695e-07     0.0499772             0             0       4920.07
   4.18026e-07   1.27683e-05       604.504             0             0       71989.9   8.38487e-07     0.0483875             0             0       4430.44
   4.47041e-07    1.3594e-05       629.745             0             0       73263.9   8.32583e-07     0.0468687             0             0       4032.88
   4.76045e-07   1.44125e-05       653.873             0             0       74369.9   8.26527e-07     0.0454805             0             0       3710.86
    5.0504e-07   1.52242e-05       676.953             0             0       75333.6   8.20739e-07     0.0442333             0             0       3451.03
   5.34025e-07   1.60294e-05       699.041             0             0       76177.3   8.15154e-07     0.0431066             0             0       3242.12
   5.63001e-07   1.68283e-05       720.192             0             0       76919.7   8.09728e-07     0.0420836             0             0       3074.31
   5.91967e-07   1.76212e-05       740.454             0             0       77576.8    8.0443e-07     0.0411506             0             0       2939.25
   6.20924e-07   1.84082e-05       759.874             0             0       78162.2    7.9924e-07     0.0402965             0             0       2829.95
   6.49872e-07   1.91894e-05       778.495             0             0       78687.4   7.94146e-07     0.0395118             0             0       2740.73
    6.7881e-07   1.99651e-05       796.358             0             0       79162.3    7.8914e-07     0.0387885             0             0       2667.01
   7.07739e-07   2.07356e-05       813.503             0             0       79595.1   7.84369e-07     0.0381229             0             0       2605.19
    7.3666e-07   2.15024e-05       829.973             0             0       79992.5   7.80553e-07     0.0375886             0             0       2553.64
   7.65571e-07   2.22656e-05         845.8             0             0       80360.4   7.76784e-07     0.0370974             0             0       2509.56
   7.94473e-07   2.30253e-05       861.016             0             0       80703.4   7.73052e-07     0.0366434             0             0       2471.29
   8.23366e-07   2.37813e-05       875.652             0             0       81025.9   7.69365e-07     0.0362232             0             0       2437.55
   8.52251e-07   2.45338e-05       889.735             0             0       81331.2    7.6573e-07     0.0358338             0             0       2407.35
   8.81127e-07   2.52829e-05       903.294             0             0       81622.4   7.62147e-07     0.0354708             0             0          2380
   9.09994e-07   2.60289e-05       916.358             0             0       81901.7   7.58574e-07      0.035127             0             0       2354.97
   9.38853e-07   2.67717e-05       928.951             0             0       82171.2   7.55032e-07     0.0348029             0             0       2331.76
   9.67702e-07   2.75115e-05       941.094             0             0       82432.5   7.51526e-07     0.0344969             0             0       2310.06
   9.96544e-07   2.82482e-05       952.808             0             0         82687    7.4806e-07     0.0342076             0             0       2289.63
   1.02538e-06   2.89817e-05       964.112             0             0       82935.9   7.44567e-07     0.0339293             0             0       2270.12
    1.0542e-06   2.97107e-05        975.01             0             0       83180.3   7.39741e-07     0.0335793             0             0        2248.5
   1.08302e-06   3.04351e-05       985.519             0             0       83420.8   7.34975e-07     0.0332444             0             0       2227.36
   1.11183e-06   3.11551e-05       995.658             0             0       83658.1   7.30272e-07     0.0329228             0             0       2206.65
   1.14062e-06   3.18704e-05       1005.41             0             0       83893.9    7.2571e-07     0.0325892             0             0        2190.9
   1.16942e-06   3.25811e-05       1014.78             0             0       84129.4   7.21229e-07     0.0322529             0             0       2177.46
    1.1982e-06   3.32871e-05       1023.79             0             0       84365.3   7.16776e-07     0.0319252             0             0       2163.37
   1.22697e-06   3.39885e-05       1032.44             0             0         84602   7.12356e-07     0.0316052             0             0       2148.77
   1.25574e-06   3.46853e-05       1040.75             0             0       84839.9   7.07971e-07     0.0312923             0             0       2133.77
    1.2845e-06   3.53775e-05       1048.75             0             0       85079.4   7.03623e-07      0.030986             0             0       2118.48
   1.31325e-06   3.60652e-05       1056.44             0             0       85320.6   6.99313e-07      0.030686             0             0       2102.96
   1.34199e-06   3.67483e-05       1063.84             0             0       85563.9   6.95042e-07     0.0303919             0             0        2087.3
   1.37073e-06    3.7427e-05       1070.96             0             0       85809.3   6.90811e-07     0.0301036             0             0       2071.55
   1.39946e-06   3.81012e-05       1077.82             0             0       86056.9    6.8662e-07     0.0298208             0             0       2055.76
   1.42818e-06    3.8771e-05       1084.42             0             0         86307    6.8247e-07     0.0295433             0             0       2039.96
   1.45689e-06   3.94364e-05       1090.78             0             0       86559.4   6.78362e-07     0.0292709             0             0       2024.19
   1.48559e-06   4.00975e-05       1096.91             0             0       86814.3   6.74294e-07     0.0290035             0             0       2008.48
   1.51429e-06   4.07542e-05       1102.83             0             0       87071.6   6.70268e-07     0.0287407             0             0       1992.85
   1.54298e-06   4.14068e-05       1108.53             0             0       87331.4   6.66282e-07     0.0284826             0             0       1977.31
   1.57166e-06    4.2055e-05       1114.03             0             0       87593.7   6.62337e-07      0.028229             0             0       1961.89
   1.60033e-06   4.26991e-05       1119.34             0             0       87858.3   6.58433e-07     0.0279796             0             0       1946.58
     1.629e-06    4.3339e-05       1124.47             0             0       88125.3    6.5457e-07     0.0277344             0             0       1931.41
   1.65766e-06   4.39748e-05       1129.42             0             0       88394.7   6.50747e-07     0.0274933             0             0       1916.37
   1.68631e-06   4.46065e-05       1134.21             0             0       88666.3   6.46964e-07     0.0272561             0             0       1901.48
   1.71495e-06   4.52341e-05       1138.84             0             0       88940.1   6.43221e-07     0.0270226             0             0       1886.74
   1.74359e-06   4.58578e-05       1143.33             0             0       89216.1   6.39517e-07     0.0267929             0             0       1872.14
   1.77222e-06   4.64774e-05       1147.67             0             0       89494.2   6.35852e-07     0.0265667             0             0        1857.7
   1.80084e-06   4.70931e-05       1151.87             0             0       89774.3   6.32226e-07      0.026344             0             0        1843.4
   1.82946e-06   4.77049e-05       1155.94             0             0       90056.4   6.28639e-07     0.0261246             0             0       1829.27
   1.85807e-06   4.83129e-05       1159.89             0             0       90340.3    6.2509e-07     0.0259086             0             0       1815.28
   1.88667e-06    4.8917e-05       1163.72             0             0       90626.1   6.21634e-07     0.0256965             0             0       1801.68
   1.91526e-06   4.95176e-05       1167.44             0             0       90913.6   6.18304e-07     0.0254886             0             0       1788.58
   1.94385e-06   5.01145e-05       1171.04             0             0       91202.6   6.15004e-07     0.0252838             0             0        1775.6
   1.97243e-06   5.07078e-05       1174.55             0             0       91493.3   6.11736e-07     0.0250818             0             0       1762.74
     2.001e-06   5.12976e-05       1177.95             0             0       91784.9   6.08497e-07     0.0248975             0             0       1752.93
   2.02957e-06   5.18838e-05       1181.25             0             0       92077.5   6.05288e-07     0.0247127             0             0       1742.87
   2.05813e-06   5.24666e-05       1184.46             0             0       92371.1   6.02109e-07     0.0245271             0             0       1732.42
   2.08668e-06   5.30459e-05       1187.58             0             0       92665.8   5.98961e-07     0.0243415             0             0       1721.69
   2.11523e-06   5.36219e-05       1190.62             0             0       92961.5   5.96034e-07     0.0241581             0             0       1711.36
   2.14377e-06   5.41952e-05       1193.57             0             0       93258.3   5.93587e-07     0.0239793             0             0       1702.31
    2.1723e-06   5.47658e-05       1196.43             0             0       93556.3   5.91162e-07     0.0238021             0             0       1693.05
   2.20083e-06   5.53337e-05       1199.22             0             0       93855.5   5.88761e-07     0.0236268             0             0       1683.66
   2.22935e-06    5.5899e-05       1201.93             0             0       94155.7   5.86384e-07     0.0234535             0             0       1674.18
   2.25786e-06   5.64616e-05       1204.56             0             0         94457   5.84031e-07     0.0232821             0             0       1664.64
   2.28637e-06   5.70215e-05       1207.13             0             0       94759.4   5.81703e-07     0.0231128             0             0       1655.08
   2.31487e-06   5.75789e-05       1209.63             0             0       95062.9     5.794e-07     0.0229456             0             0       1645.52
   2.34336e-06   5.81337e-05       1212.07             0             0       95367.3   5.77122e-07     0.0227806             0             0       1635.99
   2.37185e-06   5.86859e-05       1214.45             0             0       95672.6   5.74868e-07     0.0226176             0             0       1626.49
   2.40034e-06   5.92356e-05       1216.77             0             0       95978.9   5.72639e-07     0.0224569             0             0       1617.05
   2.42881e-06   5.97827e-05       1219.05             0             0       96286.1   5.70434e-07     0.0222982             0             0       1607.67
   2.45728e-06   6.03274e-05       1221.27             0             0       96593.2   5.68248e-07     0.0221683             0             0       1603.62
   2.48575e-06   6.08697e-05       1223.44             0             0       96900.4   5.66082e-07      0.022033             0             0       1598.74
   2.51421e-06   6.14094e-05       1225.56             0             0       97207.8   5.63937e-07     0.0218944             0             0       1593.19
   2.54266e-06   6.19467e-05       1227.64             0             0       97515.4   5.61812e-07     0.0217537             0             0       1587.09
   2.57111e-06   6.24817e-05       1229.68             0             0       97823.4   5.59709e-07     0.0216121             0             0       1580.57
   2.59955e-06   6.30142e-05       1231.67             0             0       98131.8   5.57628e-07     0.0214704             0             0       1573.72
   2.62798e-06   6.35443e-05       1233.62             0             0       98440.6   5.55568e-07      0.021329             0             0       1566.61
   2.65641e-06   6.40721e-05       1235.54             0             0         98750   5.53531e-07     0.0211883             0             0       1559.31
   2.68484e-06   6.45976e-05       1237.42             0             0       99059.9   5.51515e-07     0.0210488             0             0       1551.86
   2.71326e-06   6.51208e-05       1239.27             0             0       99370.2    5.4952e-07     0.0209106             0             0       1544.32
   2.74167e-06   6.56416e-05       1241.09             0             0       99681.2   5.47547e-07     0.0207738             0             0        1536.7
   2.77008e-06   6.61603e-05       1242.88             0             0       99992.6   5.45595e-07     0.0206386             0             0       1529.05
   2.79848e-06   6.66767e-05       1244.64             0             0        100305   5.43664e-07      0.020505             0             0       1521.39
   2.82688e-06   6.71908e-05       1246.37             0             0        100617   5.41753e-07     0.0203731             0             0       1513.73
   2.85527e-06   6.77028e-05       1248.08             0             0        100930   5.39862e-07     0.0202429             0             0       1506.09
   2.88366e-06   6.82126e-05       1249.77             0             0        101244   5.37991e-07     0.0201144             0             0       1498.48
   2.91204e-06   6.87203e-05       1251.44             0             0        101558   5.36139e-07     0.0199875             0             0       1490.91
   2.94042e-06   6.92258e-05       1253.09             0             0        101872   5.34306e-07     0.0198624             0             0        1483.4
   2.96879e-06   6.97292e-05       1254.73             0             0        102187   5.32492e-07      0.019739             0             0       1475.94
   2.99715e-06   7.02306e-05       1256.35             0             0        102503   5.30696e-07     0.0196172             0             0       1468.55
   3.02552e-06   7.07299e-05       1257.95             0             0        102818   5.28918e-07     0.0194971             0             0       1461.22
   3.05387e-06   7.12271e-05       1259.54             0             0        103135   5.27158e-07     0.0193786             0             0       1453.97
   3.08222e-06   7.17223e-05       1261.12             0             0        103451   5.25415e-07     0.0192617             0             0       1446.79
   3.11057e-06   7.22155e-05       1262.68             0             0        103768   5.23689e-07     0.0191464             0             0       1439.68
   3.13891e-06   7.27067e-05       1264.24             0             0        104085    5.2198e-07     0.0190327             0             0       1432.65
   3.16725e-06   7.31946e-05        1265.8             0             0        104403   5.18694e-07     0.0187695             0             0       1422.08
   3.19558e-06   7.36788e-05       1267.37             0             0        104720   5.15069e-07     0.0184749             0             0       1410.45
   3.22391e-06   7.41594e-05       1268.94             0             0        105037   5.11511e-07     0.0181874             0             0       1398.67
   3.25223e-06   7.46364e-05       1270.52             0             0        105354   5.08021e-07     0.0179069             0             0       1386.81
   3.28055e-06   7.51099e-05       1272.11             0             0        105670   5.04595e-07     0.0176328             0             0       1374.92
   3.30886e-06     7.558e-05       1273.71             0             0        105985   5.01233e-07     0.0173649             0             0       1363.06
   3.33717e-06   7.60466e-05       1275.32             0             0        106300   4.97934e-07     0.0171031             0             0       1351.27
   3.36548e-06   7.65098e-05       1276.93             0             0        106613   4.94696e-07     0.0168472             0             0       1339.59
   3.39378e-06   7.69697e-05       1278.56             0             0        106926   4.91518e-07     0.0165969             0             0       1328.03
   3.42207e-06   7.74263e-05       1280.19             0             0        107238     4.884e-07     0.0163522             0             0       1316.63
   3.45036e-06   7.78797e-05       1281.84             0             0        107548   4.85339e-07     0.0161128             0             0       1305.41
   3.47865e-06   7.83298e-05       1283.49             0             0        107858   4.82335e-07     0.0158788             0             0       1294.37
   3.50694e-06   7.87767e-05       1285.16             0             0        108166   4.79278e-07      0.015639             0             0        1283.3
   3.53521e-06   7.92199e-05       1286.85             0             0        108474   4.75749e-07       0.01535             0             0       1271.21
   3.56349e-06   7.96593e-05       1288.55             0             0        108779   4.72314e-07     0.0150702             0             0       1259.31
   3.59176e-06   8.00951e-05       1290.27             0             0        109084   4.68969e-07     0.0147991             0             0       1247.64
   3.62003e-06   8.05274e-05       1292.01             0             0        109387   4.65711e-07     0.0145367             0             0       1236.23
   3.64829e-06   8.09561e-05       1293.76             0             0        109688   4.62539e-07     0.0142825             0             0       1225.09
   3.67655e-06   8.13815e-05       1295.54             0             0        109988   4.59449e-07     0.0140364             0             0       1214.24
    3.7048e-06   8.18034e-05       1297.32             0             0        110286   4.56439e-07     0.0137982             0             0        1203.7
   3.73305e-06   8.22221e-05       1299.13             0             0        110583   4.53508e-07     0.0135677             0             0       1193.48
    3.7613e-06   8.26375e-05       1300.96             0             0        110878   4.50652e-07     0.0133447             0             0       1183.57
   3.78954e-06   8.30497e-05        1302.8             0             0        111172   4.47869e-07      0.013129             0             0       1173.99
   3.81778e-06   8.34589e-05       1304.66             0             0        111464   4.45158e-07     0.0129206             0             0       1164.74
   3.84602e-06   8.38649e-05       1306.53             0             0        111754   4.42515e-07     0.0127192             0             0       1155.82
   3.87425e-06   8.42679e-05       1308.43             0             0        112043    4.3994e-07     0.0125247             0             0       1147.22
   3.90248e-06    8.4668e-05       1310.34             0             0        112331    4.3743e-07      0.012337             0             0       1138.95
    3.9307e-06   8.50651e-05       1312.27             0             0        112616   4.34982e-07     0.0121559             0             0       1130.99
   3.95893e-06   8.54595e-05       1314.22             0             0        112901   4.32596e-07     0.0119813             0             0       1123.35
   3.98714e-06    8.5851e-05       1316.19             0             0        113184   4.30269e-07      0.011813             0             0       1116.02
   4.01536e-06   8.62398e-05       1318.17             0             0        113465   4.27999e-07      0.011651             0             0       1108.99
   4.04357e-06   8.66259e-05       1320.18             0             0        113745   4.25785e-07     0.0114951             0             0       1102.26
   4.07178e-06   8.70093e-05        1322.2             0             0        114023   4.23625e-07     0.0113451             0             0       1095.82
   4.09998e-06   8.73902e-05       1324.24             0             0        114301   4.21517e-07      0.011201             0             0       1089.66
   4.12818e-06   8.77685e-05       1326.29             0             0        114576   4.19459e-07     0.0110625             0             0       1083.78
   4.15638e-06   8.81443e-05       1328.37             0             0        114851   4.17451e-07     0.0109296             0             0       1078.16
   4.18457e-06   8.85177e-05       1330.46             0             0        115124    4.1549e-07     0.0108022             0             0        1072.8
   4.21276e-06   8.88887e-05       1332.57             0             0        115396   4.13574e-07       0.01068             0             0       1067.69
   4.24095e-06   8.92573e-05        1334.7             0             0        115667   4.11704e-07      0.010563             0             0       1062.83
   4.26914e-06   8.96236e-05       1336.85             0             0        115936   4.09876e-07     0.0104511             0             0        1058.2
   4.29732e-06   8.99876e-05       1339.01             0             0        116204   4.08091e-07      0.010344             0             0        1053.8
    4.3255e-06   9.03494e-05        1341.2             0             0        116471   4.06345e-07     0.0102418             0             0       1049.62
   4.35367e-06   9.07091e-05        1343.4             0             0        116738   4.04639e-07     0.0101442             0             0       1045.65
   4.38185e-06   9.10665e-05       1345.62             0             0        117002    4.0297e-07      0.010051             0             0       1041.88
   4.41002e-06   9.14219e-05       1347.85             0             0        117266   4.01338e-07    0.00996233             0             0        1038.3
   4.43818e-06   9.17752e-05       1350.11             0             0        117529   3.99741e-07    0.00987787             0             0       1034.92
   4.46635e-06   9.21265e-05       1352.38             0             0        117791   3.98155e-07     0.0097974             0             0       1031.72
   4.49451e-06   9.24756e-05       1354.67             0             0        118052   3.96515e-07     0.0097204             0             0       1028.69
   4.52267e-06   9.28228e-05       1356.98             0             0        118312   3.94908e-07    0.00964716             0             0       1025.77
   4.55082e-06   9.31679e-05       1359.31             0             0        118571   3.93333e-07    0.00957756             0             0       1022.97
   4.57898e-06    9.3511e-05       1361.65             0             0        118828    3.9179e-07    0.00951147             0             0       1020.28
   4.60713e-06   9.38521e-05       1364.01             0             0        119085   3.90278e-07     0.0094488             0             0        1017.7
   4.63528e-06   9.41914e-05       1366.39             0             0        119341   3.88794e-07    0.00938941             0             0       1015.24
   4.66342e-06   9.45288e-05       1368.79             0             0        119597    3.8734e-07    0.00933321             0             0       1012.89
   4.69156e-06   9.48643e-05       1371.21             0             0        119851   3.85913e-07    0.00928006             0             0       1010.65
   4.71971e-06   9.51981e-05       1373.64             0             0        120104   3.84513e-07    0.00922987             0             0       1008.51
   4.74784e-06     9.553e-05       1376.09             0             0        120356   3.83139e-07    0.00918252             0             0       1006.49
   4.77598e-06   9.58602e-05       1378.56             0             0        120608    3.8179e-07     0.0091379             0             0       1004.57
   4.80412e-06   9.61887e-05       1381.04             0             0        120859   3.80466e-07     0.0090959             0             0       1002.74
   4.83225e-06   9.65155e-05       1383.55             0             0        121109   3.79166e-07    0.00905641             0             0       1001.01
   4.86038e-06   9.68406e-05       1386.07             0             0        121358   3.77884e-07    0.00901931             0             0        999.38
   4.88851e-06    9.7164e-05       1388.61             0             0        121606   3.76584e-07    0.00898426             0             0       997.836
   4.91663e-06   9.74858e-05       1391.16             0             0        121854   3.75306e-07    0.00895137             0             0       996.352
   4.94476e-06   9.77039e-05       1380.75             0             0        122102   9.69852e-07     0.0663534             0             0       3852.16
   4.97292e-06    9.7932e-05       1372.05             0             0        122390   9.67493e-07      0.061899             0             0       3724.84
         5e-06   9.81564e-05       1365.07             0             0        122698   9.26888e-07     0.0559466             0             0       3483.62
