          time   rho_mms_err     u_mms_err     v_mms_err     w_mms_err     p_mms_err  rho_residual rhou_residual rhov_residual rhow_residual rhoE_residual
   4.50687e-09   1.57743e-07       70.5638       70.5499             0       2752.08   1.57743e-07     0.0826136     0.0830666             0       8151.39
   9.46442e-09   3.28537e-07       145.901       145.863             0       5666.32    1.7084e-07     0.0881696      0.088672             0       8619.65
   1.49177e-08   5.13351e-07       226.093       226.028             0       8742.88   1.84977e-07     0.0938295     0.0943871             0       9086.66
   2.09164e-08   7.13313e-07        311.18       311.082             0       11979.4   2.00347e-07     0.0995304      0.100152             0       9543.25
   2.75149e-08   9.26998e-07       401.117       400.971             0       15372.8   2.15581e-07      0.105198      0.105725             0       9991.35
   3.47732e-08   1.15639e-06       495.791       495.551             0       18914.3   2.33221e-07      0.110769      0.111123             0       10407.6
   4.27574e-08   1.40303e-06        594.92       594.532             0       22591.6   2.53625e-07      0.115865      0.116071             0       10776.3
     5.154e-08   1.67264e-06       698.178       697.573             0       26389.2   2.80265e-07      0.120575       0.12069             0       11088.5
   6.12009e-08   1.96451e-06       805.138         804.3             0       30295.3   3.04578e-07      0.124667      0.124831             0       11347.1
   7.18279e-08   2.28099e-06       915.241       914.163             0       34292.3   3.33383e-07      0.128054      0.128295             0       11541.7
   8.35175e-08   2.62561e-06       1027.79       1026.48             0       38359.8   3.68247e-07      0.130581      0.130931             0       11664.7
   9.63762e-08   3.02256e-06       1141.62       1140.62             0         42448   4.61998e-07       0.13248       0.13385             0       11652.7
   1.10521e-07   3.48262e-06       1256.11       1255.66             0       46560.1    5.3288e-07      0.133093      0.135108             0       11642.4
   1.25513e-07   3.99319e-06       1366.88       1366.93             0       50531.9   5.75196e-07       0.12888      0.130972             0       11190.9
   1.40506e-07   4.51994e-06       1467.81        1468.3             0       54151.9   5.80762e-07      0.117461        0.1196             0       10153.7
   1.55498e-07   5.05917e-06       1559.77       1560.65             0       57459.2   5.85715e-07      0.107122      0.109286             0       9243.42
   1.70481e-07   5.60802e-06       1643.53       1644.75             0       60486.8   5.89185e-07     0.0976852     0.0998833             0       8435.37
   1.85457e-07   6.16451e-06       1719.83       1721.35             0       63264.5   5.92042e-07     0.0891523      0.091383             0       7725.54
   2.00423e-07   6.72722e-06       1789.34       1791.14             0       65818.5   5.94582e-07     0.0814546     0.0837109             0       7101.76
   2.15381e-07   7.29512e-06       1852.69       1854.72             0       68171.5   5.96869e-07     0.0745167      0.076798             0       6553.04
    2.3033e-07   7.86736e-06       1910.43       1912.67             0       70343.4   5.98848e-07     0.0682721     0.0705766             0       6069.95
   2.45269e-07   8.44337e-06       1963.08       1965.49             0       72351.8   6.00729e-07     0.0626585     0.0649922             0       5644.26
   2.60199e-07   9.02283e-06       2011.09       2013.64             0       74212.1    6.0264e-07     0.0576207     0.0599922             0       5269.08
    2.7512e-07   9.60515e-06       2054.87       2057.54             0       75938.1   6.04143e-07     0.0531123     0.0555135             0        4938.5
   2.90031e-07   1.01898e-05       2094.83       2097.57             0       77542.1   6.05313e-07     0.0490867     0.0515173             0       4647.47
   3.04932e-07   1.07763e-05       2131.28       2134.07             0       79035.3   6.06069e-07      0.045498       0.04796             0       4391.51
   3.19823e-07   1.13641e-05       2164.57       2167.38             0       80427.4   6.06355e-07     0.0423042     0.0447934             0       4165.54
   3.34704e-07   1.19528e-05       2194.96       2197.76             0       81727.3   6.06283e-07     0.0394685     0.0419894             0       3966.97
   3.49575e-07   1.25297e-05       2222.53       2225.38             0       82953.4   6.00537e-07     0.0362789     0.0393491             0       3789.95
   3.64436e-07   1.31074e-05       2247.71       2250.59             0       84102.7   6.00205e-07     0.0340798      0.037183             0       3635.48
   3.79287e-07   1.36858e-05       2270.73       2273.59             0       85181.9   5.99661e-07     0.0321592     0.0352864             0       3499.38
   3.94128e-07   1.42645e-05       2291.77        2294.6             0       86196.8   5.98943e-07     0.0304897     0.0336309             0       3379.38
   4.08958e-07   1.48434e-05       2311.01       2313.79             0       87152.7   5.98053e-07     0.0290451     0.0321897             0       3273.36
   4.23778e-07   1.54222e-05       2328.62       2331.31             0       88054.6   5.97006e-07     0.0278004     0.0309407             0       3179.69
   4.38588e-07   1.59962e-05       2344.68       2347.29             0         88908   5.91429e-07     0.0267193     0.0293936             0        3079.1
   4.53388e-07   1.65705e-05        2359.4        2361.9             0       89715.6   5.90806e-07     0.0258118     0.0285329             0        3008.7
   4.68177e-07    1.7145e-05       2372.88       2375.27             0       90481.2    5.9018e-07     0.0250386     0.0278088             0       2946.02
   4.82956e-07   1.77195e-05       2385.25        2387.5             0       91208.1   5.89518e-07     0.0243807        0.0272             0       2889.86
   4.97724e-07   1.82941e-05       2396.56        2398.7             0       91898.2   5.88853e-07     0.0237989     0.0266984             0       2837.27
   5.12482e-07   1.88701e-05       2406.78       2408.62             0       92547.9   6.02891e-07     0.0250424     0.0277952             0       2896.62
    5.2723e-07   1.94491e-05       2416.29       2417.71             0       93161.1   6.02162e-07     0.0249316     0.0272301             0       2850.39
   5.41968e-07   2.00268e-05       2425.02       2426.02             0       93747.3   5.99715e-07     0.0245367     0.0266709             0        2802.4
   5.56695e-07   2.06031e-05       2433.04       2433.62             0       94308.5   5.97108e-07     0.0241894     0.0261736             0       2757.74
   5.71411e-07   2.11777e-05        2440.4       2440.57             0       94846.6   5.94417e-07     0.0238821     0.0257351             0       2716.35
   5.86118e-07   2.17381e-05       2446.26       2446.77             0       95332.2   5.92289e-07     0.0237015     0.0254516             0       2663.32
   6.00814e-07   2.22975e-05       2451.65       2452.45             0       95799.7   5.89521e-07     0.0234501     0.0250667             0       2625.53
     6.155e-07   2.28555e-05        2456.6       2457.64             0       96250.3    5.8682e-07      0.023236     0.0247346             0       2591.03
   6.30176e-07   2.34165e-05       2460.89       2462.31             0       96667.1   6.01241e-07     0.0247342     0.0260097             0       2671.45
   6.44842e-07   2.39763e-05       2464.84       2466.59             0       97070.5   5.98259e-07     0.0243491     0.0257333             0       2636.88
   6.59497e-07   2.45349e-05       2468.47       2470.51             0       97461.3   5.95322e-07      0.024023     0.0254856             0       2604.92
   6.74142e-07   2.50926e-05       2471.81        2474.1             0       97840.3   5.92669e-07     0.0237589     0.0252747             0       2576.06
   6.88777e-07   2.56489e-05       2474.89        2477.4             0       98208.3   5.89838e-07     0.0235197     0.0250702             0       2548.41
   7.03402e-07   2.62039e-05       2477.72       2480.43             0       98565.9    5.8702e-07     0.0233094     0.0248797             0       2522.24
   7.18017e-07   2.67574e-05       2480.33       2483.21             0         98914   5.84216e-07      0.023122     0.0247007             0       2497.34
   7.32622e-07   2.73093e-05       2482.74       2485.77             0       99252.9   5.81498e-07     0.0229552     0.0245373             0       2473.73
   7.47217e-07   2.78092e-05       2485.36       2488.28             0       99597.9   5.61348e-07     0.0239776     0.0244378             0       2560.06
   7.61802e-07   2.83089e-05       2487.81       2490.58             0       99935.3   5.58724e-07     0.0235766     0.0241025             0       2512.41
   7.76377e-07   2.88082e-05       2490.08        2492.7             0        100265   5.56123e-07     0.0232456     0.0238101             0       2471.01
   7.90942e-07   2.92999e-05          2492       2494.13             0        100594   5.80566e-07     0.0257968     0.0259922             0       2702.46
   8.05497e-07   2.97923e-05       2493.79       2495.42             0        100916   5.77461e-07     0.0253331     0.0253985             0       2644.53
   8.20042e-07   3.02852e-05       2495.46        2496.6             0        101233   5.74488e-07     0.0249438     0.0248963             0       2594.02
   8.34578e-07   3.07784e-05       2497.03       2497.67             0        101543   5.71439e-07     0.0246116     0.0244616             0        2549.2
   8.49104e-07   3.12719e-05       2498.52       2498.64             0        101849   5.68283e-07     0.0243277     0.0240809             0       2509.08
    8.6362e-07   3.17654e-05       2499.93       2499.52             0        102150   5.65223e-07     0.0240791     0.0237466             0       2473.02
   8.78126e-07   3.22589e-05       2501.27       2500.32             0        102447   5.62258e-07      0.023859     0.0234498             0        2440.3
   8.92623e-07   3.27522e-05       2502.54       2501.05             0        102740   5.59386e-07     0.0236622     0.0231841             0       2410.37
    9.0711e-07   3.32453e-05       2503.75       2501.71             0        103028   5.56635e-07     0.0234867     0.0229471             0       2382.94
   9.21587e-07    3.3738e-05       2504.88       2502.31             0        103312   5.53943e-07      0.023326     0.0227305             0       2357.48
   9.36055e-07   3.42303e-05       2505.96       2502.86             0        103593   5.51265e-07     0.0231735     0.0225296             0       2333.69
   9.50513e-07   3.47085e-05       2506.86       2503.22             0        103841   5.45151e-07     0.0231617     0.0223509             0       2318.36
   9.64962e-07   3.51864e-05       2507.72       2503.55             0        104088   5.42484e-07     0.0229601      0.022223             0       2296.68
   9.79402e-07   3.56639e-05       2508.53       2503.85             0        104333   5.39853e-07     0.0227794     0.0221061             0       2276.15
   9.93832e-07   3.61408e-05       2509.31       2504.12             0        104577   5.37267e-07     0.0226155     0.0219972             0       2256.66
   1.00825e-06   3.66171e-05       2510.06       2504.36             0        104819   5.34716e-07     0.0224642     0.0218941             0       2238.06
   1.02266e-06   3.70928e-05       2510.76       2504.57             0        105060   5.32215e-07     0.0223236      0.021796             0        2220.3
   1.03707e-06   3.75677e-05       2511.43       2504.77             0        105299   5.29682e-07     0.0221883     0.0216957             0       2203.05
   1.05146e-06   3.80417e-05       2512.07       2504.95             0        105536   5.27172e-07     0.0220594     0.0215964             0       2186.38
   1.06584e-06   3.85149e-05       2512.67        2505.1             0        105771    5.2469e-07     0.0219362     0.0214975             0       2170.21
   1.08022e-06   3.89871e-05       2513.24       2505.25             0        106005   5.22293e-07     0.0218211     0.0214026             0       2154.68
   1.09458e-06   3.94583e-05       2513.78       2505.37             0        106237   5.19931e-07     0.0217107     0.0213088             0       2139.68
   1.10894e-06   3.99286e-05        2514.3       2505.49             0        106467   5.17592e-07     0.0216038     0.0212148             0       2125.11
   1.12328e-06   4.03978e-05       2514.79       2505.58             0        106696   5.15281e-07     0.0215003     0.0211209             0       2110.96
   1.13762e-06    4.0866e-05       2515.25       2505.67             0        106923   5.13063e-07     0.0214048      0.021031             0       2097.43
   1.15195e-06   4.13334e-05       2515.69       2505.75             0        107148   5.10974e-07     0.0213179      0.020949             0       2084.69
   1.16627e-06   4.17997e-05        2516.1       2505.82             0        107372   5.08911e-07     0.0212335     0.0208671             0       2072.33
   1.18058e-06   4.22651e-05        2516.5       2505.88             0        107594   5.06857e-07     0.0211506     0.0207849             0        2060.3
   1.19488e-06   4.27295e-05       2516.87       2505.93             0        107815   5.04813e-07     0.0210692     0.0207025             0        2048.6
   1.20918e-06   4.31929e-05       2517.23       2505.97             0        108035   5.02731e-07     0.0209864      0.020616             0       2036.98
   1.22346e-06   4.36552e-05       2517.56       2506.01             0        108253    5.0065e-07     0.0209044     0.0205282             0       2025.55
   1.23773e-06   4.41164e-05       2517.88       2506.04             0        108469   4.98591e-07     0.0208237     0.0204405             0       2014.35
     1.252e-06   4.45765e-05       2518.19       2506.06             0        108685   4.96531e-07     0.0207433     0.0203516             0       2003.29
   1.26626e-06   4.50355e-05       2518.48       2506.08             0        108899   4.94489e-07     0.0206641     0.0202628             0       1992.44
   1.28051e-06   4.54934e-05       2518.76       2506.09             0        109112   4.92453e-07     0.0205852     0.0201735             0       1981.74
   1.29475e-06     4.595e-05       2519.02        2506.1             0        109324   4.90436e-07     0.0205074     0.0200843             0       1971.23
   1.30898e-06   4.64028e-05       2519.16       2506.11             0        109540   4.87987e-07      0.020398     0.0199908             0       1963.31
    1.3232e-06   4.68544e-05       2519.29       2506.12             0        109755   4.85966e-07     0.0203139     0.0199003             0       1952.78
   1.33742e-06   4.73048e-05       2519.42       2506.12             0        109969   4.84027e-07      0.020232       0.01981             0       1942.46
   1.35162e-06   4.77538e-05       2519.54       2506.12             0        110182   4.82002e-07     0.0201454     0.0197148             0       1932.02
   1.36582e-06   4.82015e-05       2519.67       2506.12             0        110393   4.79942e-07     0.0200576     0.0196182             0       1921.62
   1.38001e-06   4.86478e-05       2519.79       2506.11             0        110604   4.77899e-07     0.0199707     0.0195224             0       1911.36
   1.39419e-06   4.90926e-05       2519.91       2506.11             0        110814    4.7586e-07     0.0198849     0.0194269             0       1901.23
   1.40836e-06   4.95362e-05       2520.03        2506.1             0        111023   4.73842e-07     0.0197993     0.0193323             0       1891.18
   1.42252e-06   4.99783e-05       2520.14       2506.09             0        111230   4.71846e-07     0.0197147     0.0192383             0       1881.25
   1.43668e-06   5.04226e-05       2519.88       2505.58             0        111449   5.00684e-07     0.0224727     0.0213622             0       2139.49
   1.45082e-06   5.08658e-05       2519.64       2505.11             0        111666    4.9835e-07     0.0222807     0.0211318             0          2113
   1.46496e-06    5.1308e-05       2519.43       2504.67             0        111883   4.96022e-07     0.0221038     0.0209205             0       2089.11
   1.47909e-06   5.17491e-05       2519.25       2504.27             0        112099   4.93726e-07     0.0219404     0.0207254             0        2067.4
   1.49321e-06   5.21776e-05       2518.75       2503.01             0        112299    4.8475e-07     0.0223512     0.0211769             0       2046.47
   1.50733e-06   5.26162e-05       2518.65       2502.73             0        112515   4.89167e-07     0.0216479     0.0204284             0       2029.18
   1.52143e-06   5.30425e-05       2518.22       2501.58             0        112715   4.80216e-07     0.0219601     0.0206908             0       2009.54
   1.53553e-06   5.34787e-05       2518.18        2501.4             0        112930   4.84727e-07     0.0214021     0.0201812             0       1996.48
   1.54962e-06   5.39025e-05       2517.81       2500.35             0        113129   4.75784e-07     0.0216329     0.0202944             0        1977.5
    1.5637e-06   5.43252e-05       2517.49       2499.38             0        113329   4.73588e-07     0.0214278     0.0200376             0       1962.07
   1.57777e-06   5.47576e-05       2517.54       2499.35             0        113544   4.78253e-07     0.0211068     0.0199199             0       1954.73
   1.59184e-06   5.51778e-05       2517.26       2498.45             0        113744     4.693e-07     0.0211792     0.0197479             0       1935.34
   1.60589e-06   5.55968e-05       2517.01       2497.61             0        113943   4.67182e-07     0.0210118     0.0195478             0        1922.1
   1.61994e-06   5.60145e-05        2516.8       2496.83             0        114143   4.65084e-07     0.0208619     0.0193732             0       1909.56
   1.63398e-06   5.64416e-05       2516.95       2496.97             0        114358   4.69972e-07      0.020788     0.0196554             0       1908.07
   1.64802e-06   5.68566e-05       2516.76       2496.24             0        114557   4.60969e-07      0.020672     0.0191575             0       1887.27
   1.66204e-06   5.72705e-05        2516.6       2495.55             0        114756   4.58959e-07     0.0205394     0.0190062             0          1876
   1.67606e-06    5.7683e-05       2516.46        2494.9             0        114955   4.56972e-07     0.0204178     0.0188706             0       1865.11
   1.69007e-06   5.80942e-05       2516.35        2494.3             0        115155   4.54998e-07     0.0203044      0.018746             0       1854.53
   1.70407e-06   5.85042e-05       2516.25       2493.74             0        115354   4.53029e-07     0.0201967       0.01863             0       1844.27
   1.71806e-06   5.89129e-05       2516.17       2493.21             0        115554   4.51096e-07     0.0200942     0.0185225             0       1834.34
   1.73205e-06   5.93203e-05       2516.11       2492.72             0        115753   4.49193e-07     0.0199959     0.0184212             0       1824.65
   1.74603e-06   5.97264e-05       2516.07       2492.26             0        115953   4.47309e-07      0.019901     0.0183239             0       1815.16
      1.76e-06   6.01313e-05       2516.04       2491.83             0        116152   4.45441e-07      0.019809     0.0182298             0       1805.86
   1.77396e-06   6.05348e-05       2516.03       2491.42             0        116352   4.43594e-07     0.0197196     0.0181384             0       1796.75
   1.78792e-06   6.09371e-05       2516.03       2491.04             0        116551   4.41778e-07     0.0196333     0.0180515             0       1787.95
   1.80187e-06   6.13381e-05       2516.03       2490.68             0        116750   4.39968e-07     0.0195484     0.0179669             0       1779.35
   1.81581e-06   6.17379e-05       2516.05       2490.34             0        116949   4.38172e-07     0.0194648     0.0178843             0       1770.92
   1.82974e-06   6.21364e-05       2516.07       2490.03             0        117148   4.36392e-07     0.0193825     0.0178033             0       1762.65
   1.84366e-06   6.25335e-05        2516.1       2489.73             0        117346   4.34626e-07     0.0193013     0.0177239             0       1754.52
   1.85758e-06   6.29295e-05       2516.13       2489.44             0        117545   4.32875e-07     0.0192211     0.0176457             0       1746.51
   1.87149e-06   6.33241e-05       2516.18       2489.18             0        117743   4.31138e-07     0.0191418     0.0175686             0       1738.63
    1.8854e-06   6.37174e-05       2516.22       2488.93             0        117941   4.29414e-07     0.0190633     0.0174925             0       1730.85
   1.89929e-06   6.41094e-05       2516.27       2488.69             0        118139   4.27706e-07     0.0189857     0.0174176             0       1723.17
   1.91318e-06   6.45001e-05       2516.33       2488.46             0        118337   4.25973e-07     0.0189061     0.0173412             0       1715.47
   1.92706e-06   6.48894e-05       2516.39       2488.25             0        118535   4.24166e-07     0.0188217     0.0172604             0       1707.55
   1.94094e-06   6.52772e-05       2516.46       2488.05             0        118732   4.22371e-07      0.018738     0.0171806             0       1699.66
    1.9548e-06   6.56636e-05       2516.53       2487.86             0        118930   4.20591e-07      0.018655     0.0171017             0       1691.86
   1.96866e-06   6.60486e-05        2516.6       2487.69             0        119127   4.18826e-07     0.0185729     0.0170237             0       1684.13
   1.98252e-06   6.64322e-05       2516.68       2487.52             0        119323   4.17075e-07     0.0184915     0.0169466             0       1676.48
   1.99636e-06   6.68144e-05       2516.76       2487.36             0        119520   4.15336e-07     0.0184107     0.0168701             0       1668.89
    2.0102e-06   6.71952e-05       2516.84       2487.21             0        119716   4.13604e-07     0.0183306     0.0167938             0       1661.36
   2.02403e-06   6.75745e-05       2516.92       2487.07             0        119912   4.11885e-07     0.0182512     0.0167184             0       1653.91
   2.03786e-06   6.79524e-05       2517.01       2486.93             0        120108   4.10183e-07     0.0181724     0.0166441             0       1646.55
   2.05167e-06   6.83289e-05        2517.1        2486.8             0        120304   4.08518e-07     0.0180952     0.0165722             0       1639.33
   2.06549e-06    6.8704e-05       2517.19       2486.68             0        120499   4.06866e-07     0.0180186      0.016501             0       1632.18
   2.07929e-06   6.90777e-05       2517.29       2486.56             0        120694   4.05228e-07     0.0179426     0.0164304             0       1625.09
   2.09309e-06   6.94501e-05       2517.38       2486.45             0        120889   4.03602e-07     0.0178672     0.0163605             0       1618.06
   2.10688e-06    6.9821e-05       2517.48       2486.35             0        121084   4.01988e-07     0.0177924     0.0162911             0       1611.09
   2.12066e-06   7.01906e-05       2517.58       2486.25             0        121278   4.00388e-07     0.0177181     0.0162223             0       1604.18
   2.13443e-06   7.05587e-05       2517.68       2486.15             0        121472     3.988e-07     0.0176445     0.0161542             0       1597.33
    2.1482e-06   7.09256e-05       2517.78       2486.06             0        121666   3.97225e-07     0.0175714      0.016087             0       1590.57
   2.16197e-06    7.1291e-05       2517.88       2485.98             0        121860   3.95661e-07     0.0174989     0.0160203             0       1583.87
   2.17572e-06    7.1655e-05       2517.98       2485.89             0        122053   3.94106e-07     0.0174268     0.0159541             0       1577.21
   2.18947e-06   7.20177e-05       2518.08       2485.81             0        122246   3.92563e-07     0.0173552     0.0158883             0        1570.6
   2.20321e-06   7.23791e-05       2518.18       2485.73             0        122439   3.91031e-07     0.0172842     0.0158231             0       1564.04
   2.21695e-06    7.2739e-05       2518.28       2485.66             0        122632   3.89511e-07     0.0172137     0.0157583             0       1557.54
   2.23068e-06   7.30976e-05       2518.39       2485.59             0        122824   3.88002e-07     0.0171438      0.015694             0       1551.09
    2.2444e-06   7.34549e-05       2518.49       2485.52             0        123016   3.86504e-07     0.0170744     0.0156301             0       1544.69
   2.25812e-06   7.38107e-05       2518.59       2485.45             0        123208   3.85017e-07     0.0170056     0.0155667             0       1538.34
   2.27183e-06   7.41653e-05       2518.69       2485.39             0        123400   3.83542e-07     0.0169373     0.0155038             0       1532.04
   2.28553e-06   7.45185e-05        2518.8       2485.32             0        123591   3.82077e-07     0.0168695     0.0154414             0       1525.79
   2.29923e-06   7.48703e-05        2518.9       2485.26             0        123782   3.80623e-07     0.0168022     0.0153793             0       1519.59
   2.31292e-06   7.52208e-05          2519       2485.21             0        123973   3.79167e-07     0.0167354     0.0153168             0        1513.4
    2.3266e-06     7.557e-05       2519.11       2485.15             0        124164   3.77716e-07     0.0166689     0.0152542             0       1507.25
   2.34028e-06   7.59178e-05       2519.21        2485.1             0        124354   3.76276e-07     0.0166028     0.0151921             0       1501.14
   2.35395e-06   7.62643e-05       2519.31       2485.04             0        124544   3.74832e-07     0.0165367     0.0151293             0       1495.01
   2.36761e-06   7.66094e-05       2519.41       2484.99             0        124734   3.73392e-07     0.0164707     0.0150665             0       1488.89
   2.38127e-06   7.69531e-05       2519.52       2484.95             0        124923   3.71962e-07     0.0164052     0.0150039             0       1482.81
   2.39493e-06   7.72956e-05       2519.62        2484.9             0        125113   3.70544e-07     0.0163401     0.0149417             0       1476.76
   2.40857e-06   7.76366e-05       2519.72       2484.85             0        125302   3.69135e-07     0.0162754       0.01488             0       1470.75
   2.42221e-06   7.79764e-05       2519.82       2484.81             0        125490   3.67737e-07     0.0162112     0.0148187             0       1464.77
   2.43584e-06   7.83148e-05       2519.92       2484.77             0        125679   3.66349e-07     0.0161474     0.0147578             0       1458.83
   2.44947e-06   7.86519e-05       2520.02       2484.73             0        125867   3.64971e-07     0.0160841     0.0146973             0       1452.93
   2.46309e-06   7.89847e-05       2520.23       2485.46             0        126049   3.69089e-07     0.0170825     0.0149973             0       1480.65
   2.47671e-06   7.93163e-05       2520.42       2486.16             0        126232   3.67716e-07     0.0169194     0.0148318             0       1473.54
   2.49032e-06   7.96467e-05       2520.59       2486.81             0        126414   3.66361e-07     0.0167765     0.0146969             0       1466.64
   2.50392e-06    7.9976e-05       2520.74       2487.43             0        126597   3.65045e-07     0.0166513     0.0145854             0       1459.95
   2.51752e-06   8.03042e-05       2520.88       2488.02             0        126780    3.6374e-07     0.0165383       0.01449             0       1453.41
   2.53111e-06   8.06311e-05       2521.01       2488.56             0        126962   3.62445e-07      0.016435     0.0144063             0       1446.99
   2.54469e-06   8.09569e-05       2521.12       2489.08             0        127145   3.61157e-07     0.0163394     0.0143312             0       1440.67
   2.55827e-06   8.12815e-05       2521.23       2489.57             0        127327   3.59864e-07     0.0162488     0.0142631             0       1434.41
   2.57184e-06    8.1605e-05       2521.32       2490.03             0        127510   3.58575e-07     0.0161631     0.0141997             0       1428.23
   2.58541e-06   8.19273e-05       2521.41       2490.46             0        127692   3.57295e-07     0.0160818     0.0141397             0       1422.13
   2.59897e-06   8.22484e-05       2521.49       2490.86             0        127874   3.56024e-07     0.0160042     0.0140822             0       1416.11
   2.61252e-06   8.25684e-05       2521.56       2491.24             0        128055   3.54738e-07     0.0159284      0.014025             0       1410.05
   2.62607e-06   8.28871e-05       2521.63        2491.6             0        128237   3.53458e-07     0.0158553     0.0139691             0       1404.05
   2.63962e-06   8.32047e-05       2521.69       2491.93             0        128418   3.52187e-07     0.0157844     0.0139144             0       1398.11
   2.65315e-06   8.35212e-05       2521.75       2492.25             0        128599   3.50924e-07     0.0157155     0.0138607             0       1392.25
   2.66669e-06   8.38364e-05        2521.8       2492.55             0        128780    3.4967e-07     0.0156483     0.0138078             0       1386.45
   2.68021e-06   8.41505e-05       2521.85       2492.83             0        128960   3.48424e-07     0.0155826     0.0137554             0       1380.71
   2.69373e-06   8.44634e-05        2521.9       2493.09             0        129140   3.47187e-07     0.0155183     0.0137036             0       1375.04
   2.70724e-06   8.47751e-05       2521.94       2493.34             0        129320   3.45951e-07     0.0154547     0.0136524             0       1369.41
   2.72075e-06   8.50857e-05       2521.98       2493.57             0        129500   3.44719e-07     0.0153918     0.0136016             0       1363.82
   2.73426e-06   8.54055e-05       2522.21       2493.83             0        129696   3.50272e-07     0.0152366     0.0144203             0       1385.08
   2.74775e-06   8.57137e-05       2522.24       2494.02             0        129874   3.42264e-07     0.0151986     0.0135182             0       1353.24
   2.76124e-06   8.60207e-05       2522.26       2494.21             0        130052   3.41065e-07     0.0151478     0.0134649             0       1347.75
   2.77473e-06   8.63266e-05       2522.29       2494.38             0        130229   3.39857e-07     0.0150954     0.0134125             0        1342.3
   2.78821e-06   8.66416e-05       2522.51       2494.59             0        130424   3.45738e-07     0.0149584     0.0141444             0       1362.97
   2.80168e-06   8.69452e-05       2522.52       2494.73             0        130600   3.37437e-07     0.0149239     0.0133349             0       1331.99
   2.81515e-06   8.72476e-05       2522.54       2494.87             0        130775    3.3623e-07     0.0148771     0.0132786             0       1326.56
   2.82862e-06   8.75489e-05       2522.56       2494.99             0        130951    3.3503e-07     0.0148294      0.013224             0       1321.19
   2.84207e-06   8.78592e-05       2522.77       2495.16             0        131144   3.41319e-07     0.0147076     0.0139114             0       1342.05
   2.85553e-06   8.81581e-05       2522.78       2495.26             0        131318    3.3269e-07      0.014674     0.0131491             0       1311.26
   2.86897e-06   8.84559e-05       2522.79       2495.35             0        131492   3.31565e-07     0.0146342     0.0130915             0       1306.05
   2.88241e-06   8.87627e-05       2522.99        2495.5             0        131683   3.38077e-07     0.0145251     0.0137256             0        1326.3
   2.89585e-06   8.90582e-05       2522.99       2495.58             0        131856   3.29309e-07     0.0144927     0.0130179             0       1296.45
   2.90928e-06   8.93526e-05       2522.99       2495.65             0        132029   3.28207e-07     0.0144563      0.012958             0       1291.33
    2.9227e-06   8.96559e-05       2523.19       2495.78             0        132219    3.3489e-07     0.0143544     0.0135581             0       1311.23
   2.93612e-06   8.99374e-05       2523.08       2496.21             0        132365   3.74219e-07     0.0218913     0.0140947             0       1638.48
   2.94954e-06   9.02285e-05       2523.08       2496.27             0        132537   3.25012e-07     0.0143623     0.0128496             0       1281.11
   2.96295e-06   9.05183e-05       2523.18       2496.74             0        132701   3.78587e-07     0.0212273     0.0145354             0       1627.57
   2.97635e-06   9.07975e-05       2523.08       2497.15             0        132848   3.70077e-07     0.0206411      0.013909             0        1582.6
   2.98975e-06   9.10853e-05       2523.07       2497.17             0        133019   3.22012e-07      0.014405     0.0127797             0       1276.75
   3.00314e-06   9.13728e-05       2523.17       2497.62             0        133184   3.74722e-07     0.0202319     0.0143649             0        1582.8
   3.01653e-06   9.16496e-05       2523.08          2498             0        133330   3.66166e-07      0.019759     0.0137642             0       1542.31
   3.02991e-06   9.19343e-05       2523.06       2497.99             0        133501   3.19126e-07     0.0144493      0.012709             0          1272
   3.04329e-06    9.2199e-05       2523.51        2499.5             0        133660   3.80524e-07     0.0199821     0.0173065             0       1770.83
   3.05666e-06   9.24616e-05       2523.81       2500.49             0        133826   3.27984e-07     0.0148892     0.0155497             0       1491.47
   3.07003e-06   9.27335e-05       2524.28       2501.47             0        134010   3.34776e-07     0.0146325     0.0155451             0       1474.33
   3.08339e-06   9.30051e-05       2524.13       2502.15             0        134159   3.68214e-07      0.018587     0.0192334             0       2012.38
   3.09674e-06   9.32761e-05       2523.99        2502.8             0        134309   3.66317e-07     0.0179828     0.0186316             0       1933.31
   3.11009e-06   9.35563e-05       2524.06       2503.48             0        134477   3.71477e-07     0.0174369     0.0185234             0       1882.11
   3.12344e-06   9.38259e-05       2523.94       2504.07             0        134627   3.62717e-07     0.0170108     0.0177189             0       1807.11
   3.13678e-06   9.41047e-05       2524.02       2504.69             0        134795   3.68037e-07     0.0166105     0.0177313             0       1773.41
   3.15011e-06   9.43728e-05       2523.91       2505.21             0        134945   3.59345e-07     0.0163016      0.017051             0        1712.1
   3.16344e-06   9.46403e-05       2523.81       2505.72             0        135095   3.57742e-07     0.0160373     0.0167623             0        1672.9
   3.17677e-06    9.4917e-05       2523.91       2506.25             0        135264   3.63212e-07     0.0157668     0.0169356             0        1657.6
   3.19009e-06   9.51831e-05       2523.81        2506.7             0        135414   3.54596e-07     0.0155691     0.0163196             0       1608.45
    3.2034e-06   9.54485e-05       2523.73       2507.12             0        135565   3.53087e-07     0.0153961     0.0161151             0       1581.08
   3.21671e-06   9.57229e-05       2523.85       2507.58             0        135734   3.58687e-07     0.0151981     0.0163839             0       1577.15
   3.23002e-06   9.59869e-05       2523.77       2507.96             0        135885   3.50099e-07     0.0150637     0.0158008             0       1535.24
   3.24332e-06   9.62514e-05        2523.8       2508.75             0        136029   3.96295e-07     0.0214612     0.0168834             0       1804.11
   3.25661e-06    9.6514e-05       2523.72       2509.07             0        136180    3.4728e-07     0.0148891     0.0155618             0       1501.82
    3.2699e-06   9.67759e-05       2523.66       2509.38             0        136330   3.45877e-07     0.0147747     0.0154218             0       1484.54
   3.28318e-06   9.70468e-05        2523.8       2509.72             0        136499   3.51679e-07     0.0146279     0.0157441             0       1489.96
   3.29646e-06    9.7299e-05       2523.65       2510.37             0        136626   3.84189e-07     0.0208755     0.0160425             0       1723.36
   3.30974e-06   9.75685e-05       2523.79       2510.67             0        136794   3.49048e-07     0.0145286     0.0155412             0       1466.81
   3.32301e-06   9.78275e-05       2523.73        2510.9             0        136944   3.40416e-07     0.0144306     0.0150454             0       1433.86
   3.33627e-06   9.80859e-05       2523.69       2511.11             0        137094   3.39095e-07     0.0143445     0.0149332             0       1421.47
   3.34953e-06   9.83451e-05       2523.76       2511.75             0        137239   3.85335e-07     0.0204291     0.0160948             0       1695.13
   3.36278e-06    9.8602e-05       2523.71       2511.92             0        137389   3.36531e-07     0.0142816     0.0147967             0       1405.16
   3.37603e-06   9.88679e-05       2523.88       2512.15             0        137557   3.42616e-07     0.0141519     0.0151159             0       1414.86
   3.38928e-06   9.91155e-05       2523.76       2512.67             0        137683    3.7473e-07     0.0200361     0.0154651             0       1645.16
   3.40252e-06   9.93675e-05       2523.67       2512.41             0        137836   3.44585e-07     0.0150219     0.0161153             0       1501.47
   3.41575e-06   9.96091e-05       2523.43       2512.13             0        137971   3.35943e-07     0.0148834     0.0155015             0       1464.92
   3.42898e-06   9.98426e-05       2523.16       2512.25             0        138084   3.74841e-07     0.0203221     0.0160416             0       1691.27
   3.44221e-06   0.000100093       2523.19       2512.07             0        138238   3.41021e-07     0.0147827     0.0155046             0       1458.52
   3.45544e-06   0.000100325       2522.98       2512.23             0        138351   3.72186e-07     0.0199093     0.0157157             0       1658.67
   3.46866e-06   0.000100574       2523.08       2512.09             0        138505   3.38846e-07     0.0147045     0.0152149             0       1437.17
   3.48188e-06   0.000100812          2523       2511.91             0        138641   3.30201e-07     0.0145868      0.014707             0       1405.49
    3.4951e-06   0.000101053       2523.07       2512.18             0        138772   3.75498e-07     0.0196786     0.0157265             0       1645.71
   3.50831e-06    0.00010129       2523.03       2512.02             0        138908   3.28092e-07     0.0145373     0.0145254             0       1389.62
   3.52152e-06   0.000101529       2523.14       2512.32             0        139039   3.73154e-07     0.0193596      0.015535             0       1621.96
   3.53473e-06   0.000101765       2523.13       2512.18             0        139175   3.26056e-07     0.0144888     0.0143737             0        1375.6
   3.54793e-06    0.00010201       2523.45       2512.11             0        139321    3.3458e-07     0.0146753     0.0146194             0       1394.33
   3.56113e-06   0.000102237       2523.49       2512.36             0        139427   3.64912e-07     0.0194737     0.0149858             0       1596.41
   3.57433e-06   0.000102481       2523.81       2512.31             0        139574   3.32976e-07     0.0145969     0.0144878             0       1381.01
   3.58752e-06   0.000102708       2523.86       2512.57             0        139680   3.62899e-07     0.0191727     0.0148521             0       1576.31
   3.60071e-06    0.00010295       2524.18       2512.53             0        139827   3.31406e-07     0.0145307      0.014368             0       1369.14
    3.6139e-06   0.000103175       2524.23       2512.79             0        139934   3.60858e-07     0.0189187     0.0147245             0        1558.6
   3.62709e-06   0.000103416       2524.55       2512.75             0        140080   3.29703e-07     0.0144645     0.0142436             0       1357.55
   3.64027e-06   0.000103641       2524.59       2513.02             0        140187   3.58771e-07     0.0186995     0.0145986             0       1542.58
   3.65345e-06   0.000103881       2524.91       2512.98             0        140333   3.28006e-07     0.0144025     0.0141241             0       1346.67
   3.66662e-06   0.000104109       2525.02       2512.88             0        140461   3.19153e-07     0.0142614     0.0137251             0       1320.25
    3.6798e-06   0.000104342       2525.27       2513.22             0        140586   3.63135e-07     0.0186765     0.0147299             0       1545.76
   3.69297e-06    0.00010457       2525.38       2513.13             0        140714    3.1743e-07     0.0142288     0.0136184             0       1311.22
   3.70613e-06   0.000104802       2525.63       2513.46             0        140839   3.61153e-07     0.0184637     0.0146096             0       1530.54
   3.71929e-06   0.000105028       2525.73       2513.37             0        140966   3.15729e-07     0.0141931     0.0135129             0       1302.42
   3.73246e-06   0.000105259       2525.97        2513.7             0        141091   3.59212e-07     0.0182804     0.0144945             0       1516.78
   3.74561e-06   0.000105484       2526.07        2513.6             0        141218   3.14067e-07     0.0141552     0.0134098             0       1293.85
   3.75877e-06   0.000105713       2526.31       2513.94             0        141343   3.57299e-07     0.0181196     0.0143832             0       1504.14
   3.77192e-06   0.000105937        2526.4       2513.84             0        141469   3.12424e-07     0.0141153     0.0133074             0       1285.45
   3.78507e-06   0.000106166       2526.63       2514.17             0        141594   3.55409e-07     0.0179763     0.0142744             0       1492.37
   3.79821e-06   0.000106398       2526.92       2514.13             0        141739   3.19058e-07     0.0140558     0.0134684             0        1292.2
   3.81135e-06   0.000106616       2526.94       2514.38             0        141844   3.46096e-07     0.0178401     0.0138995             0       1467.69
   3.82449e-06   0.000106847       2527.22       2514.34             0        141988   3.17493e-07     0.0140147     0.0133809             0       1284.34
   3.83763e-06   0.000107063       2527.24       2514.59             0        142093   3.44207e-07     0.0177225     0.0137888             0       1457.08
   3.85076e-06   0.000107293       2527.52       2514.55             0        142237   3.15947e-07     0.0139732     0.0132909             0       1276.61
   3.86389e-06   0.000107508       2527.53        2514.8             0        142342   3.42338e-07     0.0176136     0.0136804             0       1446.94
   3.87702e-06   0.000107737       2527.81       2514.75             0        142485   3.14418e-07     0.0139315     0.0131991             0       1268.97
   3.89014e-06   0.000107961       2528.02       2515.06             0        142608   3.48061e-07     0.0175005      0.013793             0       1449.14
   3.90327e-06   0.000108179       2528.08       2514.94             0        142732   3.04452e-07     0.0138794     0.0128519             0        1246.7
   3.91638e-06   0.000108402       2528.29       2515.25             0        142855   3.46261e-07     0.0174045     0.0137053             0       1439.45
   3.92949e-06   0.000108628       2528.55       2515.19             0        142996   3.11294e-07     0.0138242     0.0129265             0       1250.96
    3.9426e-06    0.00010884       2528.53       2515.42             0        143099   3.36537e-07     0.0172889     0.0134026             0        1417.2
   3.95569e-06   0.000109064       2528.79       2515.36             0        143240   3.09509e-07     0.0137706     0.0128398             0       1242.73
   3.96877e-06   0.000109275       2528.77       2515.59             0        143343    3.3444e-07     0.0171872     0.0132759             0       1406.38
   3.98185e-06   0.000109498       2529.03       2515.53             0        143484   3.07746e-07     0.0137177     0.0127486             0       1234.57
   3.99491e-06   0.000109717       2529.22       2515.82             0        143604   3.40056e-07     0.0170818     0.0133257             0       1406.42
   4.00797e-06   0.000109928       2529.25       2515.69             0        143725   2.97435e-07      0.013652     0.0124484             0       1213.59
   4.02102e-06   0.000110146       2529.44       2515.98             0        143845   3.38018e-07     0.0169854     0.0132367             0       1396.83
   4.03405e-06   0.000110367       2529.68       2515.91             0        143984   3.04324e-07      0.013596     0.0124823             0        1216.3
   4.04708e-06   0.000110576        2529.7       2515.78             0        144103   2.94782e-07     0.0134189     0.0122792             0       1195.92
    4.0601e-06   0.000110792       2529.88       2516.07             0        144222   3.35309e-07     0.0170932     0.0130781             0       1392.32
   4.07312e-06    0.00011101       2530.12          2516             0        144360   3.01882e-07     0.0134134     0.0123049             0          1200
   4.08612e-06   0.000111214       2530.07       2516.21             0        144459   3.25464e-07     0.0169331      0.012832             0       1370.79
   4.09911e-06   0.000111431        2530.3       2516.15             0        144596    3.0035e-07     0.0134062     0.0122424             0       1194.55
    4.1121e-06   0.000111645       2530.47       2516.42             0        144713   3.31345e-07     0.0167984     0.0128227             0       1367.97
   4.12508e-06    0.00011186       2530.69       2516.35             0        144849   2.98884e-07     0.0133795      0.012092             0       1186.57
   4.13805e-06   0.000112062       2530.62       2516.55             0        144946    3.2143e-07     0.0166608     0.0126495             0       1349.36
   4.15101e-06   0.000112276       2530.84       2516.48             0        145082   2.97374e-07     0.0133601     0.0120384             0       1181.27
   4.16396e-06   0.000112488       2530.99       2516.74             0        145198   3.27478e-07     0.0165509     0.0125956             0       1346.37
    4.1769e-06   0.000112689       2530.99        2516.6             0        145313   2.87043e-07     0.0133214     0.0118683             0       1166.09
   4.18984e-06     0.0001129       2531.14       2516.86             0        145429   3.25574e-07     0.0164441     0.0125277             0       1337.34
   4.20276e-06   0.000113111       2531.35       2516.79             0        145562   2.94496e-07     0.0133033      0.011841             0        1168.3
   4.21568e-06    0.00011332       2531.49       2517.05             0        145677   3.23751e-07     0.0163342     0.0123789             0       1326.44
   4.22859e-06   0.000113519       2531.47       2516.89             0        145791   2.84141e-07     0.0132593     0.0117204             0       1154.53
   4.24149e-06   0.000113727       2531.61       2517.16             0        145905   3.21934e-07     0.0162383     0.0123187             0       1317.93
   4.25438e-06   0.000113936       2531.81       2517.08             0        146037    2.9177e-07     0.0132434     0.0116619             0       1155.98
   4.26727e-06   0.000114143       2531.95       2517.33             0        146150    3.2021e-07     0.0161393      0.012179             0        1307.6
   4.28014e-06    0.00011435       2532.14       2517.24             0        146281   2.90484e-07     0.0132097     0.0115424             0       1148.99
   4.29301e-06   0.000114545       2532.04       2517.42             0        146375   3.10265e-07     0.0160327     0.0121182             0       1293.59
   4.30587e-06   0.000114751       2532.23       2517.34             0        146505   2.89147e-07     0.0131815     0.0115064             0        1144.5
   4.31873e-06   0.000114955       2532.36       2517.58             0        146617   3.16622e-07     0.0159495     0.0119991             0       1289.64
   4.33157e-06    0.00011516       2532.55       2517.49             0        146747   2.87581e-07     0.0131289     0.0113871             0       1136.76
   4.34441e-06   0.000115364       2532.66       2517.73             0        146858   3.14675e-07     0.0158459     0.0118775             0       1279.42
   4.35723e-06   0.000115556       2532.62       2517.57             0        146968   2.76851e-07     0.0130612     0.0113774             0       1125.62
   4.37005e-06   0.000115758       2532.73        2517.8             0        147079   3.12703e-07     0.0157507     0.0118313             0       1271.53
   4.38287e-06    0.00011596       2532.92       2517.71             0        147207   2.84438e-07     0.0130356     0.0112418             0       1124.35
   4.39567e-06   0.000116161       2533.03       2517.94             0        147318   3.10825e-07     0.0156545     0.0117082             0       1261.74
   4.40847e-06   0.000116362       2533.21       2517.84             0        147445   2.82936e-07     0.0129891      0.011136             0       1117.31
   4.42126e-06   0.000116562       2533.31       2518.06             0        147554   3.08974e-07     0.0155614     0.0115984             0       1252.34
   4.43404e-06    0.00011675       2533.26       2517.89             0        147662   2.72187e-07     0.0129226     0.0111789             0       1108.07
   4.44681e-06   0.000116949       2533.37       2518.11             0        147771   3.07097e-07     0.0154736     0.0115587             0       1245.13
   4.45958e-06   0.000117147       2533.55       2518.01             0        147898   2.79924e-07     0.0129041     0.0110066             0       1106.07
   4.47233e-06   0.000117345       2533.65       2518.23             0        148007   3.05247e-07     0.0153859     0.0114429             0       1236.01
   4.48508e-06   0.000117542       2533.82       2518.13             0        148132   2.78417e-07     0.0128628     0.0109067             0       1099.56
   4.49783e-06   0.000117738       2533.92       2518.34             0        148240   3.03407e-07     0.0153005     0.0113385             0       1227.22
   4.51056e-06   0.000117934       2534.09       2518.23             0        148364   2.76931e-07     0.0128224     0.0108167             0       1093.34
   4.52329e-06   0.000118129       2534.26       2518.12             0        148488   2.76045e-07     0.0126224     0.0107504             0       1082.96
   4.53601e-06   0.000118312       2534.12       2518.26             0        148575   2.92721e-07      0.015399     0.0114116             0       1225.04
   4.54872e-06   0.000118506       2534.29       2518.16             0        148699   2.74591e-07     0.0126213     0.0107346             0       1080.53
   4.56143e-06   0.000118699       2534.39       2518.37             0        148806   2.99133e-07     0.0152897     0.0111708             0       1216.43
   4.57413e-06   0.000118892       2534.55       2518.26             0        148929   2.73175e-07     0.0126118     0.0106423             0       1075.59
   4.58682e-06   0.000119084       2534.64       2518.47             0        149035   2.97382e-07     0.0151725     0.0110675             0        1206.5
    4.5995e-06   0.000119275        2534.8       2518.36             0        149157   2.71778e-07     0.0125964      0.010559             0       1070.67
   4.61218e-06   0.000119467       2534.88       2518.56             0        149263   2.95656e-07     0.0150651      0.010973             0       1197.23
   4.62484e-06   0.000119657       2535.04       2518.45             0        149384   2.70401e-07     0.0125764     0.0104818             0       1065.79
    4.6375e-06   0.000119847       2535.11       2518.65             0        149489   2.93956e-07     0.0149654     0.0108847             0       1188.49
   4.65016e-06   0.000120036       2535.26       2518.53             0        149609   2.69045e-07     0.0125531     0.0104091             0       1060.96
   4.66281e-06   0.000120225       2535.34       2518.73             0        149713   2.92282e-07     0.0148717     0.0108011             0       1180.19
   4.67545e-06   0.000120412       2535.48       2518.61             0        149833    2.6771e-07     0.0125274     0.0103397             0        1056.2
   4.68808e-06     0.0001206       2535.55        2518.8             0        149936   2.90634e-07     0.0147829      0.010721             0       1172.24
    4.7007e-06   0.000120786       2535.69       2518.69             0        150056   2.66391e-07     0.0124998     0.0102729             0        1051.5
   4.71332e-06   0.000120973       2535.76       2518.87             0        150158    2.8901e-07     0.0146982     0.0106437             0        1164.6
   4.72593e-06   0.000121158        2535.9       2518.76             0        150277   2.65094e-07      0.012471     0.0102081             0       1046.89
   4.73854e-06   0.000121343       2536.04       2518.65             0        150395   2.64282e-07     0.0122686     0.0101541             0       1036.75
   4.75114e-06   0.000121528        2536.1       2518.83             0        150497   2.86823e-07     0.0148164     0.0105552             0       1164.34
   4.76373e-06   0.000121711       2536.23       2518.72             0        150615   2.63007e-07     0.0122756     0.0100951             0        1033.7
   4.77631e-06   0.000121895       2536.29       2518.91             0        150716   2.85237e-07     0.0146901      0.010477             0       1154.95
   4.78889e-06   0.000122077       2536.42       2518.79             0        150833   2.61754e-07     0.0122737     0.0100368             0       1030.39
   4.80146e-06    0.00012226       2536.47       2518.98             0        150934   2.83683e-07     0.0145771     0.0104027             0        1146.3
   4.81402e-06   0.000122441        2536.6       2518.87             0        151050   2.60525e-07     0.0122648    0.00997987             0        1026.9
   4.82658e-06   0.000122623       2536.65       2519.05             0        151150   2.82158e-07     0.0144746     0.0103311             0       1138.24
   4.83913e-06   0.000122802       2536.77       2518.94             0        151266    2.5932e-07     0.0122509    0.00992375             0       1023.29
   4.85167e-06   0.000122983       2536.82       2519.12             0        151366   2.80658e-07     0.0143803     0.0102618             0       1130.63
   4.86421e-06   0.000123161       2536.94       2519.01             0        151481   2.58133e-07     0.0122332    0.00986837             0        1019.6
   4.87674e-06   0.000123339       2537.06        2518.9             0        151596   2.57373e-07     0.0120329     0.0098202             0       1009.67
   4.88926e-06   0.000123518        2537.1       2519.08             0        151695   2.78655e-07      0.014489     0.0101864             0       1130.75
   4.90177e-06   0.000123695       2537.22       2518.98             0        151810   2.56217e-07     0.0120492    0.00976918             0       1007.46
   4.91428e-06   0.000123873       2537.26       2519.16             0        151908   2.77199e-07     0.0143605     0.0101152             0       1121.65
   4.92679e-06   0.000124049       2537.38       2519.05             0        152022   2.55073e-07      0.012055    0.00971778             0       1004.88
   4.93928e-06   0.000124225       2537.41       2519.24             0        152120   2.75755e-07     0.0142464     0.0100461             0       1113.33
   4.95178e-06     0.0001244       2537.53       2519.13             0        152233   2.53935e-07     0.0120525    0.00966596             0       1002.02
   4.96426e-06   0.000124575       2537.56       2519.31             0        152331   2.74331e-07     0.0141438    0.00997925             0        1105.6
   4.97674e-06   0.000124749       2537.67        2519.2             0        152444   2.52814e-07      0.012044    0.00961449             0       998.977
   4.98921e-06   0.000124923        2537.7       2519.39             0        152541   2.72929e-07       0.01405    0.00991441             0       1098.35
         5e-06   0.000125073       2537.79       2519.29             0        152638   2.18028e-07     0.0104396    0.00828683             0       863.542
